Files already downloaded and verified
Files already downloaded and verified
here
tensor([6, 1, 7, 1, 5, 6, 6, 9, 2, 8, 2, 3, 9, 2, 1, 1, 6, 3, 4, 2, 4, 5, 1, 2,
        9, 8, 1, 0, 0, 6, 7, 9, 5, 2, 4, 3, 6, 9, 8, 4, 5, 5, 7, 2, 1, 3, 2, 9,
        9, 2, 7, 6, 9, 7, 3, 9, 5, 8, 3, 1, 0, 4, 1, 0], device='cuda:0')
tensor([9, 0, 8, 0, 2, 0, 8, 8, 2, 1, 1, 6, 6, 6, 7, 1, 9, 8, 3, 7, 3, 5, 2, 8,
        5, 5, 4, 5, 9, 0, 6, 5, 9, 7, 0, 2, 4, 6, 7, 0, 2, 3, 0, 3, 7, 0, 5, 8,
        9, 3, 4, 9, 2, 7, 0, 0, 9, 7, 8, 8, 0, 3, 4, 9])
6
64
here
tensor([4, 0, 9, 5, 6, 5, 3, 7, 5, 2, 0, 8, 6, 1, 7, 2, 0, 9, 2, 4, 0, 9, 6, 3,
        7, 1, 2, 2, 0, 8, 9, 3, 4, 4, 8, 7, 7, 6, 1, 2, 7, 1, 9, 8, 1, 0, 4, 7,
        9, 6, 2, 3, 6, 0, 9, 7, 8, 3, 5, 0, 3, 3, 7, 2], device='cuda:0')
tensor([1, 6, 9, 6, 0, 6, 4, 7, 0, 4, 2, 8, 7, 1, 3, 4, 1, 8, 3, 8, 1, 7, 4, 9,
        0, 2, 0, 1, 2, 5, 7, 1, 5, 8, 0, 2, 6, 8, 6, 9, 1, 1, 1, 5, 7, 3, 6, 1,
        6, 4, 8, 0, 3, 2, 6, 5, 5, 1, 4, 7, 6, 8, 1, 0])
11
128
here
tensor([8, 8, 6, 5, 8, 4, 5, 7, 6, 1, 3, 1, 1, 8, 1, 1, 4, 8, 6, 4, 7, 9, 0, 8,
        8, 7, 5, 2, 0, 5, 5, 6, 5, 8, 6, 9, 7, 8, 7, 4, 0, 1, 2, 0, 8, 9, 2, 0,
        7, 0, 2, 3, 0, 1, 4, 7, 3, 0, 9, 6, 8, 9, 4, 4], device='cuda:0')
tensor([0, 2, 7, 3, 2, 7, 9, 8, 5, 9, 5, 7, 5, 0, 4, 7, 7, 0, 2, 9, 2, 8, 2, 4,
        8, 8, 4, 3, 7, 0, 6, 8, 0, 0, 4, 0, 3, 9, 9, 2, 2, 5, 3, 5, 0, 5, 0, 8,
        6, 6, 3, 2, 5, 6, 9, 5, 5, 2, 7, 7, 0, 7, 1, 4])
13
192
here
tensor([8, 7, 9, 5, 8, 0, 5, 7, 1, 0, 6, 0, 2, 8, 7, 1, 0, 9, 3, 4, 7, 2, 4, 4,
        6, 9, 0, 3, 4, 6, 2, 5, 7, 3, 7, 8, 4, 4, 0, 1, 1, 6, 2, 6, 5, 2, 5, 9,
        4, 1, 0, 7, 5, 2, 3, 8, 6, 5, 3, 9, 1, 9, 2, 0], device='cuda:0')
tensor([9, 1, 6, 8, 3, 5, 6, 9, 6, 6, 4, 4, 5, 3, 7, 2, 5, 0, 0, 7, 6, 8, 5, 6,
        9, 0, 2, 8, 0, 8, 4, 6, 1, 4, 1, 7, 4, 1, 7, 0, 5, 3, 5, 2, 4, 0, 8, 0,
        2, 2, 5, 6, 9, 7, 0, 5, 7, 5, 0, 1, 1, 6, 5, 7])
17
256
here
tensor([0, 3, 0, 9, 9, 6, 8, 3, 7, 1, 4, 1, 0, 4, 3, 1, 1, 4, 1, 3, 0, 4, 6, 6,
        1, 1, 2, 8, 5, 6, 8, 3, 5, 7, 3, 5, 7, 4, 5, 3, 3, 5, 9, 9, 4, 1, 9, 1,
        9, 7, 8, 7, 3, 8, 9, 7, 9, 7, 6, 8, 1, 0, 7, 4], device='cuda:0')
tensor([0, 3, 0, 1, 9, 5, 8, 9, 0, 9, 7, 1, 4, 8, 9, 4, 3, 8, 3, 9, 6, 4, 4, 1,
        7, 5, 6, 3, 2, 0, 0, 3, 5, 9, 7, 8, 9, 7, 6, 1, 7, 6, 9, 6, 2, 6, 5, 6,
        4, 9, 5, 0, 4, 0, 2, 9, 0, 3, 7, 2, 1, 8, 4, 2])
28
320
here
tensor([8, 6, 6, 9, 5, 0, 5, 7, 1, 4, 0, 5, 3, 8, 0, 7, 7, 3, 7, 5, 0, 8, 9, 3,
        4, 4, 5, 0, 5, 8, 8, 2, 5, 2, 2, 4, 2, 0, 2, 8, 3, 6, 7, 6, 4, 3, 5, 3,
        1, 3, 8, 4, 7, 7, 3, 5, 6, 1, 6, 8, 0, 0, 6, 8], device='cuda:0')
tensor([0, 7, 1, 8, 0, 0, 4, 2, 2, 4, 1, 2, 3, 7, 5, 1, 1, 4, 3, 6, 5, 8, 1, 2,
        7, 4, 5, 5, 9, 2, 7, 2, 7, 1, 8, 1, 7, 5, 6, 3, 6, 8, 7, 6, 2, 5, 3, 9,
        4, 0, 2, 0, 6, 3, 2, 8, 9, 3, 4, 8, 3, 7, 4, 5])
38
384
here
tensor([4, 5, 7, 6, 0, 0, 4, 1, 0, 6, 6, 5, 0, 1, 3, 1, 4, 8, 9, 9, 8, 0, 2, 4,
        3, 2, 4, 3, 3, 3, 0, 3, 7, 3, 3, 1, 4, 3, 9, 4, 7, 0, 1, 2, 4, 1, 7, 2,
        7, 6, 3, 2, 5, 7, 4, 6, 2, 2, 6, 6, 7, 3, 5, 5], device='cuda:0')
tensor([5, 7, 5, 1, 1, 7, 0, 9, 1, 9, 6, 1, 1, 6, 4, 3, 8, 7, 8, 2, 2, 3, 2, 6,
        4, 3, 2, 2, 2, 6, 1, 6, 2, 0, 8, 4, 3, 2, 7, 3, 0, 2, 3, 8, 8, 9, 9, 9,
        8, 8, 8, 4, 8, 2, 1, 3, 1, 5, 3, 4, 0, 1, 9, 8])
40
448
here
tensor([3, 4, 7, 4, 8, 1, 8, 4, 8, 8, 5, 4, 3, 0, 5, 8, 4, 6, 0, 1, 5, 3, 2, 6,
        2, 3, 7, 0, 2, 6, 8, 9, 5, 8, 6, 5, 9, 2, 2, 8, 2, 6, 1, 3, 7, 9, 0, 2,
        3, 3, 6, 0, 1, 9, 5, 4, 8, 2, 2, 6, 0, 5, 5, 4], device='cuda:0')
tensor([8, 3, 8, 0, 4, 1, 5, 6, 3, 0, 3, 6, 0, 9, 1, 2, 8, 7, 6, 2, 4, 5, 4, 5,
        6, 3, 7, 3, 0, 6, 6, 4, 2, 4, 5, 2, 5, 1, 2, 5, 5, 6, 4, 4, 3, 0, 4, 4,
        6, 2, 0, 0, 1, 9, 5, 1, 8, 0, 6, 3, 6, 8, 9, 0])
51
512
here
tensor([2, 4, 1, 3, 8, 2, 2, 3, 9, 7, 3, 9, 8, 4, 6, 1, 9, 6, 9, 8, 9, 8, 6, 6,
        0, 6, 3, 2, 8, 4, 8, 3, 6, 3, 2, 2, 1, 7, 5, 3, 7, 7, 0, 5, 7, 3, 7, 1,
        6, 1, 8, 5, 3, 6, 7, 3, 5, 2, 1, 8, 4, 8, 1, 6], device='cuda:0')
tensor([5, 2, 4, 8, 2, 0, 6, 9, 0, 1, 0, 3, 2, 3, 2, 0, 3, 6, 5, 5, 6, 8, 3, 1,
        4, 5, 9, 8, 1, 1, 7, 3, 1, 0, 6, 8, 3, 5, 7, 8, 1, 6, 3, 3, 7, 9, 0, 2,
        5, 9, 8, 6, 4, 0, 2, 4, 2, 1, 7, 2, 4, 0, 6, 6])
58
576
here
tensor([0, 6, 5, 7, 0, 1, 4, 9, 1, 1, 3, 0, 5, 6, 5, 3, 9, 7, 5, 2, 6, 8, 7, 0,
        4, 5, 8, 2, 2, 1, 3, 2, 3, 2, 7, 1, 7, 1, 7, 6, 5, 5, 0, 9, 9, 7, 8, 6,
        2, 2, 7, 0, 9, 2, 5, 4, 2, 9, 2, 1, 9, 6, 8, 3], device='cuda:0')
tensor([0, 4, 3, 7, 1, 0, 9, 2, 0, 3, 1, 6, 4, 0, 7, 6, 1, 7, 1, 2, 9, 6, 9, 2,
        0, 3, 3, 8, 9, 0, 9, 4, 0, 4, 0, 8, 5, 4, 5, 3, 4, 1, 3, 1, 5, 4, 3, 0,
        2, 8, 8, 5, 6, 8, 4, 8, 3, 4, 3, 2, 6, 9, 0, 6])
63
640
here
tensor([6, 9, 0, 8, 4, 0, 5, 1, 6, 7, 3, 0, 5, 0, 4, 4, 3, 6, 1, 7, 3, 8, 9, 9,
        2, 2, 7, 5, 6, 6, 6, 6, 2, 1, 5, 2, 4, 6, 4, 5, 5, 5, 1, 7, 5, 1, 7, 8,
        5, 6, 0, 8, 9, 2, 5, 0, 8, 8, 2, 5, 2, 5, 2, 3], device='cuda:0')
tensor([2, 3, 1, 9, 2, 0, 9, 1, 7, 7, 9, 6, 4, 6, 4, 8, 3, 1, 9, 4, 9, 9, 7, 2,
        6, 1, 0, 5, 8, 9, 9, 7, 0, 2, 2, 9, 0, 4, 4, 2, 1, 1, 0, 2, 5, 7, 0, 4,
        7, 4, 1, 5, 5, 2, 4, 0, 9, 1, 6, 7, 9, 4, 5, 0])
73
704
here
tensor([4, 5, 5, 9, 5, 9, 9, 7, 4, 7, 7, 4, 9, 7, 5, 8, 5, 7, 3, 9, 2, 8, 8, 6,
        3, 2, 7, 2, 9, 8, 4, 8, 4, 1, 5, 3, 7, 1, 6, 0, 5, 7, 4, 7, 8, 6, 0, 5,
        4, 4, 0, 5, 4, 9, 8, 7, 4, 0, 4, 7, 7, 8, 0, 5], device='cuda:0')
tensor([9, 4, 1, 9, 0, 4, 9, 5, 3, 7, 1, 8, 8, 6, 2, 5, 0, 6, 5, 3, 5, 6, 7, 8,
        4, 5, 2, 3, 8, 2, 4, 6, 9, 7, 0, 4, 7, 3, 5, 8, 9, 0, 2, 0, 3, 8, 7, 5,
        2, 1, 8, 5, 7, 4, 1, 1, 6, 3, 1, 5, 4, 3, 9, 0])
80
768
here
tensor([2, 4, 2, 1, 5, 2, 7, 2, 5, 6, 6, 4, 6, 8, 6, 4, 5, 5, 8, 4, 6, 3, 5, 5,
        1, 1, 8, 7, 3, 5, 4, 6, 4, 6, 8, 1, 4, 3, 6, 7, 2, 7, 6, 8, 1, 5, 1, 2,
        0, 5, 6, 3, 3, 8, 0, 8, 5, 3, 4, 1, 1, 3, 1, 2], device='cuda:0')
tensor([2, 2, 8, 4, 8, 3, 7, 6, 9, 9, 8, 0, 6, 3, 0, 7, 8, 5, 9, 7, 9, 4, 0, 0,
        3, 7, 7, 1, 8, 2, 3, 4, 8, 6, 9, 5, 9, 6, 8, 9, 3, 2, 6, 4, 2, 4, 4, 1,
        7, 3, 0, 5, 5, 8, 6, 5, 7, 9, 8, 9, 0, 7, 2, 6])
87
832
here
tensor([8, 2, 6, 4, 3, 8, 7, 7, 1, 1, 8, 8, 3, 5, 5, 7, 0, 9, 4, 7, 5, 4, 2, 8,
        5, 3, 4, 9, 2, 7, 3, 5, 1, 5, 6, 0, 2, 5, 4, 5, 6, 2, 7, 2, 9, 6, 1, 8,
        5, 6, 4, 0, 0, 9, 2, 9, 9, 9, 9, 5, 6, 5, 5, 6], device='cuda:0')
tensor([0, 1, 9, 5, 7, 9, 9, 2, 1, 6, 5, 0, 2, 1, 1, 1, 4, 1, 7, 8, 2, 7, 9, 7,
        1, 7, 5, 5, 4, 2, 6, 5, 6, 3, 0, 7, 8, 9, 8, 3, 7, 1, 4, 3, 4, 4, 3, 4,
        9, 0, 7, 2, 2, 5, 7, 9, 7, 0, 1, 3, 3, 7, 9, 3])
90
896
here
tensor([4, 9, 5, 6, 4, 7, 6, 5, 1, 8, 0, 3, 9, 9, 0, 3, 9, 2, 1, 4, 5, 4, 0, 5,
        4, 2, 3, 6, 2, 0, 1, 6, 2, 5, 8, 3, 5, 8, 2, 0, 0, 4, 7, 9, 5, 9, 2, 2,
        6, 1, 5, 0, 0, 0, 3, 6, 9, 2, 4, 3, 8, 7, 9, 4], device='cuda:0')
tensor([8, 6, 2, 9, 0, 1, 0, 7, 2, 4, 7, 3, 0, 6, 8, 6, 8, 2, 9, 9, 9, 5, 5, 6,
        2, 3, 0, 7, 8, 2, 0, 9, 2, 5, 4, 3, 7, 4, 7, 5, 5, 5, 0, 9, 1, 3, 1, 3,
        1, 0, 2, 4, 1, 9, 1, 2, 4, 7, 9, 2, 5, 9, 1, 2])
96
960
here
tensor([5, 6, 3, 5, 8, 2, 5, 5, 0, 8, 8, 9, 3, 1, 2, 4, 3, 0, 2, 7, 0, 0, 4, 4,
        7, 4, 0, 0, 1, 2, 1, 6, 4, 0, 9, 0, 7, 6, 7, 7, 9, 7, 3, 7, 6, 0, 2, 3,
        7, 1, 0, 1, 7, 8, 1, 6, 5, 3, 0, 7, 0, 8, 9, 1], device='cuda:0')
tensor([4, 9, 0, 0, 5, 7, 0, 7, 0, 4, 4, 3, 7, 3, 6, 3, 0, 0, 2, 3, 2, 2, 9, 0,
        8, 6, 8, 9, 9, 5, 4, 2, 3, 0, 0, 5, 0, 6, 6, 9, 6, 7, 6, 9, 0, 2, 7, 3,
        9, 1, 7, 6, 1, 9, 2, 6, 5, 3, 4, 7, 2, 5, 2, 4])
108
1024
here
tensor([0, 8, 0, 5, 8, 0, 9, 3, 3, 0, 8, 0, 8, 8, 9, 3, 3, 3, 2, 9, 5, 7, 5, 5,
        5, 1, 2, 7, 2, 9, 9, 8, 0, 7, 9, 5, 1, 7, 6, 8, 0, 7, 2, 6, 6, 2, 0, 1,
        9, 8, 1, 0, 4, 9, 3, 8, 9, 8, 7, 8, 4, 6, 3, 6], device='cuda:0')
tensor([4, 5, 5, 2, 6, 7, 4, 0, 1, 8, 0, 1, 7, 1, 9, 9, 9, 0, 0, 4, 8, 5, 9, 6,
        6, 4, 3, 2, 9, 8, 8, 7, 3, 5, 3, 5, 1, 4, 9, 1, 5, 9, 8, 8, 5, 1, 3, 2,
        9, 3, 1, 6, 4, 4, 1, 1, 9, 1, 2, 5, 6, 2, 9, 2])
115
1088
here
tensor([7, 3, 7, 8, 8, 3, 1, 6, 0, 5, 8, 4, 6, 1, 2, 0, 5, 0, 3, 8, 6, 3, 4, 4,
        7, 7, 9, 4, 5, 8, 1, 4, 8, 8, 9, 6, 4, 2, 7, 2, 5, 0, 5, 4, 1, 3, 3, 1,
        3, 6, 5, 4, 4, 4, 2, 6, 9, 6, 2, 2, 2, 9, 7, 7], device='cuda:0')
tensor([9, 8, 9, 5, 1, 0, 8, 0, 8, 5, 8, 1, 7, 5, 4, 3, 6, 8, 0, 3, 8, 0, 0, 8,
        5, 8, 3, 0, 3, 2, 8, 1, 9, 6, 5, 0, 2, 0, 8, 8, 4, 5, 0, 0, 3, 8, 4, 3,
        3, 0, 2, 5, 1, 1, 5, 3, 8, 5, 2, 8, 2, 0, 0, 2])
120
1152
here
tensor([4, 6, 4, 3, 4, 9, 4, 7, 4, 0, 3, 1, 0, 9, 7, 9, 0, 2, 3, 5, 2, 4, 6, 4,
        0, 3, 4, 7, 2, 1, 6, 5, 2, 9, 7, 4, 7, 0, 9, 3, 5, 4, 6, 2, 7, 5, 8, 5,
        2, 8, 6, 5, 5, 5, 4, 7, 9, 8, 7, 3, 4, 6, 6, 6], device='cuda:0')
tensor([2, 6, 5, 7, 6, 6, 9, 5, 6, 4, 2, 7, 7, 5, 5, 1, 0, 1, 3, 2, 1, 0, 3, 7,
        4, 3, 0, 3, 8, 0, 4, 6, 0, 0, 5, 1, 7, 3, 5, 1, 5, 8, 5, 4, 8, 4, 0, 5,
        3, 2, 6, 9, 0, 6, 9, 8, 9, 0, 1, 1, 9, 4, 1, 3])
129
1216
here
tensor([2, 4, 5, 4, 5, 6, 2, 3, 6, 5, 4, 8, 5, 7, 3, 5, 8, 2, 5, 0, 9, 9, 4, 6,
        5, 5, 6, 3, 3, 1, 2, 6, 2, 5, 3, 0, 1, 7, 7, 0, 6, 9, 1, 6, 8, 4, 5, 4,
        2, 8, 3, 1, 9, 1, 2, 8, 5, 3, 4, 9, 2, 9, 7, 8], device='cuda:0')
tensor([0, 9, 7, 9, 7, 3, 3, 6, 4, 3, 5, 7, 5, 3, 1, 8, 2, 2, 4, 2, 6, 6, 6, 8,
        6, 9, 1, 9, 6, 6, 4, 8, 9, 5, 2, 4, 6, 0, 4, 4, 7, 5, 7, 0, 4, 3, 2, 6,
        5, 4, 2, 0, 8, 1, 8, 1, 1, 5, 3, 6, 2, 7, 8, 5])
134
1280
here
tensor([6, 0, 7, 0, 4, 1, 1, 6, 0, 3, 5, 8, 1, 9, 8, 5, 4, 3, 6, 5, 5, 3, 5, 9,
        3, 3, 4, 8, 4, 5, 3, 2, 0, 3, 1, 1, 5, 3, 7, 0, 7, 3, 6, 5, 8, 0, 8, 6,
        2, 9, 5, 2, 6, 3, 7, 1, 9, 9, 6, 2, 8, 7, 6, 8], device='cuda:0')
tensor([8, 0, 3, 9, 5, 3, 9, 6, 7, 9, 1, 9, 0, 2, 5, 9, 4, 9, 7, 2, 2, 6, 1, 5,
        4, 4, 0, 2, 4, 2, 4, 5, 9, 9, 9, 7, 3, 2, 4, 4, 0, 2, 6, 4, 2, 0, 7, 0,
        6, 1, 2, 8, 6, 9, 6, 8, 1, 5, 9, 9, 6, 7, 5, 2])
142
1344
here
tensor([1, 0, 6, 2, 5, 2, 6, 2, 1, 4, 4, 3, 4, 2, 7, 0, 8, 0, 4, 3, 2, 5, 7, 9,
        5, 6, 5, 6, 5, 4, 5, 8, 9, 8, 1, 4, 1, 5, 8, 9, 9, 5, 9, 4, 9, 0, 5, 5,
        4, 7, 2, 9, 5, 3, 9, 5, 0, 3, 5, 3, 6, 6, 2, 4], device='cuda:0')
tensor([9, 5, 2, 1, 4, 6, 6, 2, 7, 2, 0, 8, 0, 3, 7, 2, 4, 6, 7, 8, 3, 6, 2, 8,
        5, 3, 8, 7, 1, 8, 4, 9, 4, 0, 4, 0, 1, 8, 5, 1, 5, 1, 4, 3, 6, 8, 0, 0,
        9, 6, 9, 6, 8, 0, 5, 5, 8, 8, 3, 1, 8, 6, 0, 0])
149
1408
here
tensor([5, 0, 6, 6, 3, 8, 5, 8, 7, 6, 6, 0, 7, 5, 3, 3, 5, 6, 3, 1, 1, 2, 6, 3,
        1, 6, 6, 4, 2, 3, 1, 0, 3, 7, 2, 4, 0, 5, 7, 5, 1, 3, 9, 5, 0, 1, 4, 7,
        3, 7, 3, 3, 4, 1, 0, 9, 0, 5, 7, 5, 2, 7, 9, 2], device='cuda:0')
tensor([1, 1, 7, 1, 4, 6, 9, 1, 8, 6, 9, 7, 2, 1, 3, 6, 4, 1, 8, 8, 4, 4, 4, 6,
        3, 3, 5, 7, 2, 3, 2, 5, 6, 3, 9, 2, 9, 9, 6, 3, 0, 4, 2, 4, 5, 9, 2, 7,
        6, 7, 7, 3, 0, 9, 3, 6, 5, 0, 4, 4, 8, 6, 1, 8])
156
1472
here
tensor([6, 2, 0, 8, 2, 3, 0, 8, 1, 9, 8, 2, 1, 5, 1, 4, 9, 5, 1, 6, 3, 2, 1, 1,
        9, 9, 7, 7, 6, 7, 7, 5, 9, 5, 3, 9, 2, 1, 5, 5, 2, 2, 8, 2, 6, 0, 0, 1,
        8, 0, 2, 0, 0, 4, 3, 0, 7, 8, 3, 5, 3, 3, 3, 6], device='cuda:0')
tensor([3, 0, 0, 7, 2, 7, 6, 2, 2, 6, 1, 1, 1, 2, 0, 0, 1, 1, 2, 2, 3, 2, 3, 1,
        6, 3, 7, 1, 4, 6, 2, 2, 5, 7, 7, 9, 1, 9, 5, 5, 3, 8, 0, 4, 5, 3, 8, 5,
        6, 8, 3, 5, 2, 4, 9, 4, 9, 7, 5, 4, 1, 1, 2, 7])
167
1536
here
tensor([9, 8, 4, 1, 7, 6, 2, 7, 6, 2, 0, 1, 8, 1, 8, 6, 1, 0, 2, 9, 7, 8, 3, 3,
        9, 0, 7, 5, 2, 4, 1, 8, 9, 0, 1, 0, 3, 1, 8, 2, 5, 4, 6, 1, 3, 9, 6, 8,
        6, 5, 9, 6, 1, 8, 7, 9, 0, 9, 4, 2, 1, 3, 6, 3], device='cuda:0')
tensor([7, 0, 1, 8, 0, 3, 7, 5, 0, 4, 9, 6, 1, 7, 5, 5, 8, 0, 7, 3, 7, 0, 8, 2,
        6, 5, 1, 6, 4, 6, 4, 5, 7, 8, 2, 9, 9, 9, 6, 2, 0, 3, 6, 0, 6, 2, 8, 5,
        7, 0, 2, 3, 5, 3, 5, 0, 5, 6, 9, 2, 0, 5, 1, 6])
172
1600
here
tensor([5, 0, 8, 8, 8, 1, 0, 8, 0, 5, 2, 5, 8, 9, 6, 1, 2, 4, 9, 3, 8, 0, 9, 7,
        1, 9, 0, 9, 9, 0, 7, 8, 1, 5, 1, 1, 0, 5, 1, 3, 6, 3, 0, 7, 3, 3, 7, 8,
        1, 2, 6, 2, 3, 4, 1, 9, 3, 6, 3, 6, 0, 6, 9, 5], device='cuda:0')
tensor([1, 0, 4, 6, 2, 0, 9, 9, 4, 8, 2, 8, 6, 9, 4, 9, 5, 7, 6, 2, 2, 1, 9, 3,
        9, 4, 7, 0, 2, 6, 6, 2, 1, 1, 3, 7, 2, 6, 4, 4, 5, 4, 5, 5, 3, 6, 0, 1,
        7, 4, 8, 6, 8, 2, 3, 1, 0, 2, 9, 4, 0, 1, 3, 0])
179
1664
here
tensor([2, 5, 3, 9, 0, 7, 5, 1, 4, 8, 3, 1, 8, 3, 3, 4, 0, 0, 8, 1, 1, 9, 9, 3,
        6, 1, 6, 4, 9, 4, 9, 3, 1, 5, 2, 3, 5, 2, 9, 1, 1, 1, 1, 7, 7, 7, 6, 0,
        4, 9, 0, 1, 1, 0, 1, 2, 9, 1, 4, 4, 9, 4, 5, 7], device='cuda:0')
tensor([4, 2, 5, 0, 7, 3, 7, 1, 9, 2, 4, 6, 1, 4, 1, 4, 5, 6, 3, 8, 6, 3, 5, 7,
        9, 4, 1, 0, 2, 0, 2, 5, 0, 0, 3, 3, 0, 6, 2, 8, 5, 3, 1, 0, 3, 3, 8, 8,
        2, 2, 6, 1, 1, 1, 0, 4, 3, 9, 3, 7, 8, 4, 5, 6])
187
1728
here
tensor([9, 3, 2, 9, 4, 0, 5, 7, 1, 1, 7, 2, 6, 4, 4, 7, 6, 3, 6, 8, 5, 3, 9, 6,
        6, 8, 9, 8, 8, 4, 4, 8, 9, 1, 1, 8, 0, 8, 4, 1, 9, 8, 1, 3, 8, 5, 9, 9,
        6, 7, 1, 0, 2, 7, 9, 7, 1, 3, 7, 3, 3, 2, 7, 8], device='cuda:0')
tensor([5, 4, 8, 6, 1, 1, 6, 2, 6, 6, 3, 4, 0, 4, 6, 8, 6, 9, 0, 3, 9, 3, 2, 9,
        9, 0, 0, 4, 1, 9, 9, 8, 6, 3, 0, 8, 9, 8, 8, 6, 0, 4, 9, 3, 3, 4, 3, 0,
        2, 7, 1, 7, 3, 9, 8, 6, 9, 5, 4, 8, 8, 1, 0, 2])
196
1792
here
tensor([3, 4, 9, 7, 7, 5, 7, 9, 1, 7, 5, 6, 8, 2, 6, 1, 4, 7, 2, 5, 9, 1, 0, 1,
        9, 7, 7, 5, 3, 4, 0, 6, 4, 1, 8, 6, 5, 9, 5, 5, 4, 2, 0, 7, 3, 0, 1, 3,
        5, 4, 0, 4, 3, 6, 7, 0, 3, 3, 7, 5, 2, 8, 0, 6], device='cuda:0')
tensor([0, 8, 2, 0, 2, 5, 6, 9, 8, 7, 1, 0, 5, 8, 2, 5, 9, 7, 4, 7, 1, 1, 0, 0,
        1, 7, 2, 0, 8, 9, 3, 2, 3, 7, 6, 9, 4, 7, 7, 5, 3, 9, 3, 5, 7, 7, 8, 7,
        8, 5, 6, 4, 4, 4, 2, 7, 2, 4, 3, 0, 2, 3, 0, 5])
207
1856
here
tensor([9, 3, 4, 9, 0, 3, 0, 8, 5, 1, 0, 8, 6, 2, 8, 3, 7, 5, 8, 3, 1, 8, 1, 8,
        7, 3, 2, 5, 6, 0, 3, 6, 2, 8, 8, 9, 3, 9, 9, 2, 4, 3, 6, 9, 0, 9, 8, 8,
        8, 5, 0, 5, 7, 0, 5, 2, 5, 0, 2, 8, 4, 1, 2, 8], device='cuda:0')
tensor([4, 0, 0, 3, 8, 0, 8, 3, 7, 8, 2, 8, 5, 0, 7, 8, 7, 7, 8, 7, 5, 1, 3, 2,
        9, 8, 8, 2, 4, 5, 0, 6, 1, 7, 4, 2, 9, 6, 9, 6, 3, 0, 3, 5, 5, 3, 0, 2,
        9, 7, 0, 5, 3, 3, 5, 9, 0, 6, 5, 7, 0, 1, 8, 0])
216
1920
here
tensor([7, 3, 1, 7, 8, 3, 5, 9, 8, 3, 0, 5, 3, 2, 2, 6, 6, 0, 8, 9, 6, 9, 8, 7,
        3, 8, 4, 6, 3, 7, 1, 3, 8, 6, 5, 8, 7, 2, 4, 4, 9, 1, 3, 9, 7, 5, 0, 1,
        6, 8, 7, 1, 2, 2, 4, 2, 5, 0, 9, 1, 1, 7, 2, 5], device='cuda:0')
tensor([4, 7, 4, 0, 6, 2, 6, 1, 9, 4, 4, 5, 3, 3, 1, 4, 5, 0, 9, 3, 3, 2, 1, 7,
        5, 5, 1, 0, 2, 8, 4, 0, 9, 1, 9, 4, 0, 0, 1, 9, 9, 6, 3, 2, 7, 4, 0, 2,
        4, 8, 9, 4, 0, 0, 4, 5, 0, 7, 3, 5, 1, 6, 6, 6])
227
1984
here
tensor([4, 6, 3, 7, 8, 0, 5, 4, 6, 2, 4, 5, 0, 7, 9, 2, 5, 4, 3, 3, 4, 5, 1, 9,
        4, 9, 6, 7, 0, 2, 7, 9, 3, 3, 2, 4, 4, 9, 7, 6, 9, 8, 8, 2, 3, 9, 5, 6,
        1, 3, 3, 4, 7, 1, 3, 0, 3, 1, 5, 1, 9, 1, 3, 8], device='cuda:0')
tensor([5, 8, 9, 7, 1, 5, 7, 2, 6, 5, 4, 2, 3, 2, 9, 2, 3, 9, 3, 4, 3, 8, 8, 6,
        6, 9, 6, 6, 6, 1, 7, 4, 6, 8, 1, 0, 4, 4, 6, 2, 1, 0, 0, 1, 1, 1, 1, 5,
        2, 8, 6, 6, 4, 7, 0, 4, 0, 3, 0, 9, 7, 6, 4, 6])
237
2048
here
tensor([8, 4, 9, 2, 6, 4, 9, 1, 2, 1, 4, 7, 0, 2, 5, 5, 7, 3, 0, 7, 4, 6, 7, 4,
        2, 1, 8, 9, 6, 2, 5, 6, 6, 7, 5, 3, 9, 6, 1, 7, 3, 9, 9, 7, 5, 0, 2, 5,
        2, 4, 4, 8, 7, 6, 7, 5, 3, 2, 7, 1, 1, 4, 9, 2], device='cuda:0')
tensor([8, 6, 4, 0, 5, 0, 1, 1, 9, 5, 5, 8, 3, 2, 8, 0, 1, 4, 9, 4, 7, 3, 0, 0,
        4, 5, 1, 6, 8, 3, 5, 4, 0, 1, 8, 0, 7, 5, 8, 4, 5, 0, 8, 2, 1, 9, 4, 8,
        7, 1, 0, 2, 0, 7, 8, 2, 3, 9, 3, 0, 7, 4, 0, 8])
243
2112
here
tensor([8, 5, 7, 4, 9, 4, 7, 2, 5, 8, 6, 3, 2, 2, 7, 0, 0, 3, 2, 4, 4, 5, 0, 9,
        4, 0, 3, 5, 5, 1, 9, 2, 5, 0, 9, 2, 0, 9, 3, 4, 3, 0, 9, 5, 9, 4, 7, 5,
        3, 2, 4, 8, 7, 1, 2, 1, 7, 3, 3, 1, 5, 6, 2, 4], device='cuda:0')
tensor([9, 6, 9, 6, 1, 5, 8, 7, 5, 8, 1, 5, 3, 5, 1, 5, 7, 4, 2, 9, 9, 8, 8, 0,
        0, 2, 8, 5, 0, 5, 2, 9, 1, 3, 7, 2, 7, 8, 8, 5, 6, 8, 2, 2, 9, 0, 1, 9,
        0, 5, 6, 2, 1, 8, 5, 4, 7, 4, 0, 1, 5, 0, 0, 5])
252
2176
here
tensor([7, 0, 2, 6, 7, 3, 9, 6, 4, 8, 3, 2, 1, 1, 4, 3, 8, 8, 1, 2, 3, 7, 2, 4,
        6, 1, 7, 5, 8, 2, 4, 6, 8, 7, 6, 0, 1, 0, 0, 0, 6, 7, 4, 3, 0, 5, 3, 5,
        0, 0, 2, 3, 4, 2, 7, 4, 3, 7, 6, 0, 5, 4, 6, 1], device='cuda:0')
tensor([1, 7, 8, 7, 8, 9, 7, 6, 9, 3, 8, 6, 7, 1, 7, 0, 6, 3, 4, 5, 2, 2, 6, 4,
        4, 8, 4, 5, 2, 6, 8, 7, 0, 9, 3, 0, 7, 1, 7, 2, 8, 8, 4, 0, 6, 9, 9, 4,
        1, 5, 5, 3, 9, 0, 0, 6, 3, 1, 2, 4, 1, 0, 0, 9])
260
2240
here
tensor([7, 6, 5, 9, 2, 3, 5, 2, 3, 2, 1, 1, 0, 8, 1, 7, 8, 2, 5, 2, 5, 3, 9, 8,
        1, 2, 4, 6, 9, 3, 6, 9, 9, 1, 1, 0, 8, 7, 8, 3, 7, 2, 5, 2, 0, 2, 1, 8,
        5, 0, 5, 3, 5, 3, 6, 1, 6, 2, 2, 0, 3, 3, 5, 6], device='cuda:0')
tensor([4, 3, 3, 5, 9, 9, 6, 5, 6, 7, 8, 0, 1, 7, 5, 3, 6, 1, 4, 8, 1, 2, 1, 7,
        0, 4, 8, 6, 2, 3, 8, 9, 6, 3, 1, 7, 0, 1, 9, 6, 4, 3, 9, 6, 8, 0, 7, 3,
        5, 8, 1, 6, 8, 5, 7, 0, 7, 6, 7, 8, 4, 2, 7, 3])
265
2304
here
tensor([3, 2, 1, 3, 4, 8, 6, 5, 4, 1, 0, 9, 4, 8, 6, 7, 4, 5, 8, 4, 0, 5, 7, 5,
        1, 2, 1, 3, 3, 0, 8, 5, 4, 7, 8, 6, 5, 3, 2, 1, 5, 6, 5, 3, 2, 1, 1, 9,
        3, 4, 0, 8, 8, 1, 1, 7, 0, 8, 1, 1, 4, 1, 2, 5], device='cuda:0')
tensor([3, 0, 9, 0, 5, 0, 6, 3, 8, 0, 9, 7, 1, 2, 0, 3, 2, 0, 8, 2, 6, 9, 0, 3,
        0, 5, 0, 5, 1, 3, 4, 6, 7, 7, 7, 3, 2, 5, 4, 8, 0, 9, 1, 2, 4, 5, 5, 8,
        1, 0, 3, 7, 5, 0, 2, 8, 9, 5, 5, 6, 0, 5, 7, 5])
270
2368
here
tensor([0, 8, 6, 3, 2, 9, 1, 1, 2, 4, 6, 7, 8, 8, 8, 9, 2, 4, 1, 0, 6, 4, 3, 8,
        8, 9, 3, 9, 0, 9, 7, 2, 2, 5, 8, 8, 3, 6, 3, 5, 4, 6, 9, 8, 2, 9, 1, 5,
        3, 2, 8, 5, 8, 7, 4, 8, 8, 7, 3, 8, 4, 8, 5, 3], device='cuda:0')
tensor([0, 2, 8, 2, 0, 0, 9, 1, 2, 1, 8, 0, 3, 7, 7, 9, 7, 5, 2, 4, 0, 8, 8, 9,
        0, 0, 6, 7, 7, 0, 9, 0, 3, 3, 1, 8, 8, 0, 5, 6, 0, 0, 0, 8, 2, 9, 9, 8,
        1, 7, 1, 1, 7, 5, 0, 2, 2, 3, 1, 4, 3, 1, 2, 1])
278
2432
here
tensor([6, 8, 5, 1, 2, 9, 1, 0, 4, 4, 8, 9, 1, 0, 5, 9, 6, 5, 6, 0, 5, 5, 4, 9,
        1, 9, 0, 6, 8, 0, 9, 8, 9, 6, 1, 1, 1, 2, 8, 5, 5, 9, 2, 7, 0, 3, 9, 6,
        6, 8, 0, 1, 5, 6, 8, 5, 1, 4, 9, 1, 8, 8, 1, 5], device='cuda:0')
tensor([7, 3, 9, 9, 4, 0, 7, 0, 7, 9, 5, 5, 0, 6, 7, 0, 5, 5, 0, 7, 9, 8, 9, 9,
        3, 5, 4, 8, 3, 9, 9, 3, 2, 8, 0, 9, 0, 5, 5, 3, 0, 7, 9, 7, 7, 0, 3, 1,
        7, 1, 3, 5, 5, 1, 6, 8, 2, 2, 2, 1, 8, 4, 2, 5])
287
2496
here
tensor([5, 7, 0, 7, 2, 7, 8, 9, 6, 3, 2, 1, 2, 5, 2, 1, 6, 7, 5, 0, 2, 7, 1, 9,
        7, 1, 4, 5, 5, 4, 6, 4, 7, 1, 9, 0, 9, 5, 1, 2, 6, 6, 9, 3, 0, 9, 4, 2,
        4, 5, 3, 8, 6, 2, 7, 7, 5, 5, 1, 0, 7, 2, 9, 5], device='cuda:0')
tensor([6, 2, 0, 0, 4, 0, 9, 9, 6, 7, 6, 5, 6, 7, 8, 7, 4, 9, 4, 3, 2, 6, 6, 3,
        4, 6, 9, 6, 5, 5, 8, 1, 0, 3, 4, 7, 9, 6, 9, 5, 5, 3, 7, 6, 1, 3, 8, 2,
        4, 7, 2, 8, 0, 4, 9, 4, 3, 9, 7, 8, 9, 4, 6, 0])
296
2560
here
tensor([8, 8, 0, 5, 8, 6, 4, 5, 0, 9, 3, 4, 7, 1, 7, 4, 2, 6, 0, 7, 4, 7, 0, 8,
        2, 0, 4, 5, 1, 5, 9, 0, 9, 5, 4, 0, 9, 0, 8, 6, 1, 4, 7, 1, 2, 8, 6, 5,
        2, 9, 7, 5, 8, 6, 0, 0, 8, 6, 5, 0, 5, 2, 3, 4], device='cuda:0')
tensor([7, 8, 8, 1, 8, 5, 6, 7, 1, 9, 4, 6, 0, 3, 4, 4, 1, 6, 2, 9, 2, 3, 1, 3,
        5, 0, 7, 6, 2, 0, 2, 0, 7, 2, 9, 3, 1, 0, 7, 4, 1, 1, 8, 0, 1, 7, 9, 7,
        0, 2, 9, 3, 0, 9, 7, 7, 8, 4, 5, 0, 7, 8, 5, 2])
308
2624
here
tensor([0, 8, 0, 4, 8, 2, 9, 2, 6, 6, 4, 4, 9, 6, 2, 5, 7, 8, 5, 1, 1, 0, 1, 7,
        1, 4, 1, 7, 3, 9, 3, 2, 5, 5, 8, 0, 1, 9, 9, 2, 0, 0, 3, 2, 8, 4, 9, 7,
        7, 3, 3, 9, 3, 1, 1, 4, 7, 0, 4, 3, 1, 3, 0, 4], device='cuda:0')
tensor([2, 7, 1, 5, 8, 7, 4, 0, 9, 3, 2, 8, 0, 3, 6, 9, 2, 6, 6, 7, 5, 9, 8, 0,
        1, 4, 7, 0, 7, 5, 3, 9, 0, 3, 8, 2, 8, 9, 8, 8, 7, 1, 0, 3, 4, 3, 3, 5,
        0, 0, 7, 3, 4, 8, 7, 6, 6, 6, 2, 8, 3, 3, 9, 0])
315
2688
here
tensor([5, 9, 8, 4, 6, 1, 4, 1, 2, 4, 4, 3, 1, 0, 8, 1, 5, 3, 0, 0, 6, 0, 1, 8,
        7, 2, 4, 2, 1, 0, 6, 7, 5, 4, 3, 6, 6, 0, 5, 6, 0, 9, 4, 6, 5, 0, 0, 0,
        9, 8, 1, 8, 7, 9, 9, 8, 7, 9, 1, 0, 7, 5, 5, 4], device='cuda:0')
tensor([7, 9, 1, 5, 0, 9, 9, 6, 7, 2, 5, 9, 2, 8, 4, 4, 6, 2, 8, 3, 3, 1, 7, 0,
        9, 2, 6, 2, 1, 9, 0, 2, 0, 7, 0, 2, 4, 6, 5, 3, 4, 4, 2, 9, 6, 4, 5, 9,
        9, 8, 4, 4, 6, 0, 1, 7, 1, 7, 7, 8, 0, 6, 9, 1])
322
2752
here
tensor([4, 8, 9, 4, 8, 9, 2, 7, 7, 0, 5, 3, 9, 7, 2, 9, 9, 1, 7, 9, 9, 5, 5, 4,
        5, 7, 7, 7, 9, 6, 4, 8, 1, 1, 1, 9, 1, 9, 7, 2, 9, 9, 4, 7, 3, 3, 6, 5,
        9, 4, 8, 1, 4, 9, 3, 4, 0, 2, 4, 4, 0, 6, 4, 1], device='cuda:0')
tensor([9, 1, 1, 9, 9, 0, 6, 9, 4, 2, 0, 5, 7, 8, 2, 0, 6, 0, 4, 8, 2, 6, 2, 7,
        9, 9, 2, 9, 5, 8, 8, 6, 0, 0, 4, 0, 3, 4, 7, 0, 7, 0, 4, 6, 5, 5, 9, 2,
        6, 1, 2, 6, 9, 0, 3, 7, 2, 8, 8, 6, 4, 7, 4, 1])
328
2816
here
tensor([6, 9, 1, 6, 4, 8, 3, 6, 7, 0, 1, 2, 0, 7, 9, 5, 8, 7, 4, 8, 0, 6, 4, 5,
        9, 5, 3, 3, 0, 0, 4, 1, 1, 6, 4, 5, 2, 4, 5, 8, 5, 4, 3, 3, 0, 9, 7, 2,
        1, 1, 3, 2, 8, 7, 2, 9, 3, 8, 8, 0, 4, 9, 0, 3], device='cuda:0')
tensor([5, 0, 0, 7, 4, 9, 6, 4, 8, 5, 9, 2, 5, 5, 6, 3, 9, 5, 5, 8, 6, 8, 7, 2,
        9, 4, 3, 8, 6, 7, 3, 2, 6, 5, 6, 8, 2, 0, 4, 1, 7, 5, 0, 1, 0, 6, 3, 8,
        0, 4, 1, 7, 2, 1, 7, 1, 7, 7, 8, 0, 0, 0, 1, 7])
337
2880
here
tensor([7, 6, 8, 5, 0, 6, 9, 2, 0, 6, 6, 9, 6, 9, 2, 1, 2, 6, 5, 6, 5, 2, 1, 1,
        9, 7, 2, 1, 3, 7, 3, 2, 7, 3, 6, 1, 7, 2, 9, 3, 3, 6, 7, 9, 7, 4, 2, 7,
        1, 5, 3, 0, 5, 2, 2, 4, 5, 7, 7, 1, 6, 7, 6, 4], device='cuda:0')
tensor([2, 1, 9, 0, 0, 1, 1, 2, 9, 1, 7, 2, 2, 8, 4, 9, 2, 7, 9, 5, 8, 1, 5, 8,
        2, 7, 6, 0, 8, 0, 1, 7, 3, 7, 8, 2, 9, 2, 5, 6, 2, 7, 9, 4, 4, 1, 0, 3,
        0, 5, 2, 4, 0, 2, 1, 0, 3, 1, 4, 0, 1, 9, 4, 4])
345
2944
here
tensor([4, 8, 0, 8, 7, 6, 3, 2, 5, 8, 6, 3, 5, 6, 4, 4, 5, 4, 4, 2, 2, 6, 5, 7,
        0, 3, 6, 8, 3, 5, 9, 7, 7, 6, 3, 7, 4, 7, 7, 0, 6, 1, 6, 6, 8, 4, 2, 0,
        0, 4, 1, 9, 8, 0, 2, 5, 0, 5, 6, 6, 1, 3, 3, 2], device='cuda:0')
tensor([7, 6, 0, 9, 4, 6, 7, 4, 0, 9, 5, 4, 4, 5, 6, 2, 4, 4, 5, 6, 0, 2, 1, 5,
        4, 4, 1, 1, 9, 2, 5, 4, 8, 1, 2, 9, 3, 5, 9, 7, 1, 7, 9, 8, 3, 4, 8, 9,
        3, 0, 3, 3, 1, 9, 2, 1, 8, 4, 2, 0, 6, 7, 6, 6])
350
3008
here
tensor([9, 7, 8, 5, 1, 5, 4, 9, 5, 8, 7, 9, 2, 4, 0, 2, 7, 2, 2, 1, 7, 4, 3, 2,
        7, 7, 5, 7, 4, 2, 7, 4, 7, 5, 7, 4, 3, 5, 1, 3, 2, 8, 0, 6, 5, 5, 1, 4,
        2, 1, 3, 1, 3, 8, 0, 3, 1, 0, 2, 8, 9, 2, 3, 5], device='cuda:0')
tensor([9, 4, 4, 0, 1, 1, 8, 1, 3, 3, 2, 0, 6, 3, 5, 1, 8, 9, 9, 1, 5, 4, 5, 9,
        7, 4, 2, 4, 7, 6, 1, 9, 5, 0, 2, 7, 0, 2, 4, 5, 9, 0, 7, 9, 9, 3, 4, 8,
        2, 5, 0, 1, 1, 6, 0, 8, 3, 1, 3, 5, 6, 0, 5, 4])
358
3072
here
tensor([8, 3, 6, 6, 1, 6, 6, 4, 5, 5, 0, 0, 6, 8, 5, 7, 4, 8, 5, 6, 0, 4, 3, 5,
        4, 1, 0, 1, 3, 6, 6, 9, 5, 4, 4, 8, 3, 7, 2, 2, 3, 8, 1, 9, 6, 2, 3, 0,
        5, 9, 0, 1, 8, 9, 8, 6, 1, 2, 7, 0, 6, 8, 0, 9], device='cuda:0')
tensor([1, 0, 6, 8, 1, 9, 8, 0, 9, 1, 6, 1, 0, 5, 6, 7, 4, 3, 8, 3, 4, 5, 2, 2,
        0, 1, 3, 1, 5, 0, 6, 6, 9, 4, 2, 8, 8, 8, 6, 6, 7, 4, 1, 4, 3, 6, 3, 0,
        0, 6, 1, 2, 5, 2, 0, 3, 6, 4, 2, 6, 7, 9, 5, 2])
370
3136
here
tensor([1, 0, 3, 6, 0, 3, 0, 4, 6, 0, 4, 9, 9, 8, 2, 9, 9, 0, 2, 6, 7, 8, 1, 0,
        1, 0, 8, 9, 7, 1, 7, 2, 8, 2, 6, 4, 0, 3, 9, 8, 3, 8, 8, 7, 3, 4, 7, 2,
        6, 1, 8, 6, 2, 3, 0, 0, 3, 7, 6, 5, 3, 0, 8, 1], device='cuda:0')
tensor([4, 4, 3, 6, 0, 0, 4, 6, 6, 3, 6, 3, 7, 5, 8, 1, 1, 5, 2, 6, 8, 2, 1, 0,
        5, 2, 6, 4, 4, 1, 3, 4, 3, 0, 1, 8, 5, 4, 9, 2, 2, 8, 5, 5, 4, 0, 8, 8,
        5, 0, 1, 4, 3, 8, 4, 1, 2, 6, 7, 8, 0, 7, 9, 8])
381
3200
here
tensor([5, 2, 7, 4, 4, 9, 1, 7, 2, 0, 4, 7, 4, 1, 5, 5, 6, 0, 2, 2, 5, 9, 4, 3,
        3, 6, 1, 3, 3, 8, 2, 2, 9, 7, 2, 7, 1, 5, 9, 5, 7, 5, 1, 1, 8, 2, 7, 1,
        9, 7, 8, 7, 3, 8, 8, 7, 7, 1, 4, 6, 1, 7, 6, 1], device='cuda:0')
tensor([3, 0, 9, 5, 9, 0, 5, 0, 1, 6, 6, 1, 7, 6, 2, 1, 7, 9, 4, 2, 9, 5, 7, 2,
        4, 1, 4, 0, 1, 5, 7, 4, 4, 5, 7, 7, 1, 1, 4, 1, 9, 4, 7, 6, 4, 1, 3, 9,
        8, 4, 3, 0, 5, 8, 3, 3, 2, 5, 1, 3, 2, 4, 4, 3])
385
3264
here
tensor([4, 5, 1, 5, 4, 7, 5, 2, 0, 3, 2, 7, 7, 7, 2, 4, 1, 5, 9, 2, 5, 1, 7, 4,
        2, 6, 4, 8, 6, 4, 4, 8, 0, 0, 4, 0, 6, 1, 4, 6, 6, 4, 2, 5, 4, 8, 1, 5,
        4, 6, 9, 5, 3, 1, 7, 2, 3, 4, 7, 3, 2, 5, 3, 4], device='cuda:0')
tensor([8, 6, 1, 1, 6, 4, 0, 0, 0, 9, 1, 7, 5, 5, 7, 4, 9, 4, 0, 5, 9, 0, 8, 1,
        3, 2, 3, 9, 2, 0, 4, 0, 3, 7, 0, 3, 7, 4, 2, 3, 9, 2, 0, 2, 7, 9, 0, 0,
        0, 1, 6, 4, 5, 9, 3, 7, 4, 2, 5, 2, 0, 8, 1, 2])
390
3328
here
tensor([5, 9, 3, 5, 0, 5, 3, 4, 4, 7, 1, 0, 7, 8, 3, 6, 9, 1, 8, 3, 1, 0, 5, 3,
        0, 8, 3, 3, 6, 1, 8, 2, 7, 1, 0, 3, 4, 9, 0, 9, 0, 0, 1, 0, 7, 1, 2, 1,
        7, 1, 5, 3, 6, 6, 3, 8, 7, 0, 5, 5, 8, 5, 4, 5], device='cuda:0')
tensor([2, 1, 5, 5, 3, 7, 9, 4, 4, 7, 6, 3, 2, 5, 6, 2, 3, 8, 7, 4, 4, 6, 4, 6,
        2, 7, 5, 0, 4, 6, 4, 9, 6, 0, 7, 2, 0, 8, 1, 0, 6, 2, 8, 7, 7, 7, 0, 6,
        0, 6, 7, 6, 5, 9, 8, 0, 9, 2, 0, 6, 9, 5, 1, 0])
396
3392
here
tensor([8, 8, 8, 9, 0, 2, 9, 9, 8, 9, 2, 3, 9, 1, 5, 1, 6, 7, 1, 6, 2, 5, 1, 5,
        1, 2, 7, 2, 7, 1, 8, 0, 4, 4, 8, 7, 4, 6, 9, 6, 4, 4, 2, 7, 6, 6, 4, 0,
        7, 7, 6, 5, 3, 4, 8, 6, 3, 0, 1, 4, 3, 2, 9, 7], device='cuda:0')
tensor([0, 0, 1, 1, 7, 0, 7, 9, 2, 3, 9, 4, 2, 6, 2, 3, 8, 6, 9, 9, 3, 5, 9, 4,
        4, 1, 1, 5, 3, 6, 9, 7, 0, 6, 1, 0, 8, 6, 8, 4, 7, 7, 8, 6, 3, 1, 5, 2,
        0, 0, 4, 1, 5, 6, 2, 8, 9, 9, 5, 6, 0, 4, 6, 8])
399
3456
here
tensor([1, 6, 4, 4, 9, 6, 5, 3, 8, 5, 0, 5, 5, 4, 6, 3, 2, 8, 5, 9, 9, 7, 1, 9,
        5, 0, 4, 1, 1, 6, 2, 3, 0, 2, 8, 2, 1, 6, 0, 5, 6, 8, 5, 3, 4, 1, 3, 3,
        5, 0, 0, 3, 0, 7, 8, 3, 0, 0, 5, 0, 5, 3, 4, 1], device='cuda:0')
tensor([6, 0, 5, 8, 8, 4, 1, 5, 7, 2, 9, 0, 7, 5, 4, 2, 1, 3, 8, 0, 4, 4, 9, 2,
        3, 0, 1, 4, 6, 8, 0, 8, 6, 2, 9, 9, 8, 5, 7, 8, 7, 5, 1, 1, 2, 5, 9, 9,
        0, 6, 1, 2, 1, 7, 6, 7, 9, 1, 6, 6, 4, 2, 2, 5])
402
3520
here
tensor([5, 5, 5, 2, 9, 0, 1, 2, 6, 2, 6, 7, 0, 6, 3, 6, 5, 9, 1, 1, 1, 2, 8, 3,
        2, 6, 1, 6, 8, 5, 9, 9, 8, 8, 6, 5, 4, 3, 4, 6, 9, 3, 2, 2, 9, 6, 5, 0,
        9, 1, 3, 1, 9, 4, 1, 3, 9, 4, 2, 6, 1, 9, 0, 1], device='cuda:0')
tensor([7, 2, 1, 1, 9, 0, 4, 0, 2, 5, 5, 2, 5, 7, 8, 6, 6, 1, 5, 3, 7, 5, 1, 1,
        7, 5, 5, 8, 1, 0, 2, 3, 2, 4, 0, 9, 2, 5, 5, 2, 9, 9, 9, 0, 8, 0, 4, 7,
        2, 0, 1, 7, 4, 4, 4, 4, 1, 3, 0, 4, 7, 6, 4, 0])
407
3584
here
tensor([1, 4, 1, 2, 1, 7, 6, 2, 5, 7, 6, 7, 7, 1, 2, 6, 3, 9, 9, 1, 5, 9, 1, 6,
        9, 8, 8, 6, 1, 8, 4, 8, 2, 5, 8, 6, 0, 7, 3, 7, 2, 8, 7, 6, 0, 7, 6, 5,
        3, 9, 1, 9, 6, 1, 5, 7, 3, 2, 8, 6, 7, 7, 9, 4], device='cuda:0')
tensor([5, 0, 5, 4, 4, 7, 4, 7, 5, 5, 2, 7, 2, 9, 2, 8, 3, 5, 3, 3, 2, 8, 8, 9,
        5, 1, 2, 0, 3, 1, 8, 0, 8, 1, 0, 3, 2, 9, 7, 0, 4, 1, 7, 0, 5, 3, 8, 0,
        5, 0, 8, 4, 3, 3, 6, 3, 3, 0, 9, 8, 0, 5, 6, 8])
414
3648
here
tensor([8, 2, 2, 7, 1, 0, 4, 1, 9, 0, 5, 9, 2, 0, 2, 2, 2, 0, 3, 1, 3, 1, 8, 2,
        0, 1, 3, 2, 7, 9, 5, 3, 8, 8, 7, 3, 7, 3, 5, 4, 5, 2, 7, 9, 3, 0, 3, 0,
        6, 0, 9, 8, 8, 9, 7, 3, 0, 8, 8, 6, 9, 7, 6, 5], device='cuda:0')
tensor([9, 8, 0, 7, 5, 2, 8, 1, 5, 0, 7, 5, 4, 4, 4, 1, 5, 5, 3, 5, 0, 7, 7, 2,
        0, 0, 8, 7, 4, 7, 3, 5, 0, 6, 3, 8, 0, 0, 6, 6, 2, 9, 8, 2, 6, 1, 8, 6,
        8, 0, 2, 2, 3, 4, 4, 7, 1, 0, 3, 7, 6, 9, 9, 6])
421
3712
here
tensor([6, 7, 1, 4, 8, 3, 7, 2, 3, 3, 2, 2, 0, 7, 9, 1, 1, 6, 4, 1, 5, 7, 3, 6,
        9, 3, 9, 9, 8, 3, 1, 0, 6, 9, 9, 5, 5, 1, 9, 1, 4, 8, 2, 4, 0, 5, 8, 4,
        5, 3, 4, 9, 2, 7, 6, 8, 1, 2, 0, 7, 9, 9, 6, 8], device='cuda:0')
tensor([9, 2, 5, 1, 4, 5, 6, 9, 0, 4, 3, 0, 5, 5, 9, 7, 8, 0, 1, 7, 0, 2, 1, 6,
        8, 4, 3, 7, 8, 8, 9, 0, 8, 0, 0, 7, 8, 8, 6, 7, 1, 3, 7, 4, 9, 4, 9, 8,
        4, 3, 1, 6, 7, 0, 0, 3, 4, 0, 7, 5, 3, 5, 4, 6])
427
3776
here
tensor([2, 9, 1, 4, 0, 1, 1, 8, 7, 9, 9, 2, 7, 8, 9, 2, 9, 5, 8, 0, 8, 6, 4, 3,
        1, 7, 6, 7, 6, 7, 9, 1, 5, 8, 0, 3, 3, 7, 9, 3, 1, 6, 7, 3, 6, 2, 0, 3,
        5, 4, 3, 4, 6, 9, 7, 3, 6, 9, 3, 2, 4, 6, 4, 1], device='cuda:0')
tensor([7, 1, 0, 4, 0, 7, 9, 3, 8, 5, 4, 7, 7, 2, 3, 1, 3, 7, 3, 2, 9, 3, 4, 1,
        2, 9, 2, 9, 2, 7, 4, 5, 0, 0, 3, 5, 4, 5, 6, 0, 1, 0, 5, 6, 0, 7, 8, 5,
        0, 6, 6, 7, 3, 0, 5, 8, 5, 7, 6, 2, 6, 2, 2, 9])
434
3840
here
tensor([7, 2, 9, 6, 9, 7, 8, 5, 9, 6, 5, 5, 7, 9, 9, 9, 7, 1, 9, 8, 5, 1, 0, 1,
        1, 5, 0, 7, 8, 4, 4, 5, 8, 3, 2, 6, 0, 6, 8, 5, 8, 2, 0, 1, 1, 8, 9, 5,
        1, 5, 5, 1, 7, 9, 5, 1, 6, 9, 4, 5, 1, 6, 2, 8], device='cuda:0')
tensor([7, 3, 6, 6, 4, 2, 6, 8, 5, 8, 8, 9, 4, 8, 8, 7, 9, 3, 6, 9, 3, 7, 3, 9,
        1, 1, 6, 8, 5, 3, 8, 8, 7, 1, 8, 9, 1, 4, 5, 2, 9, 9, 1, 1, 8, 9, 8, 5,
        2, 7, 0, 8, 7, 1, 0, 5, 2, 8, 9, 9, 0, 9, 9, 3])
440
3904
here
tensor([3, 1, 9, 1, 7, 0, 9, 9, 8, 6, 7, 8, 1, 2, 3, 9, 7, 4, 4, 9, 0, 0, 9, 6,
        1, 8, 5, 8, 2, 3, 9, 1, 5, 4, 9, 9, 5, 8, 4, 4, 6, 8, 2, 1, 7, 5, 8, 9,
        9, 8, 0, 0, 7, 3, 8, 5, 2, 4, 7, 0, 0, 0, 8, 1], device='cuda:0')
tensor([8, 7, 0, 0, 9, 6, 6, 6, 3, 9, 1, 2, 7, 3, 2, 6, 4, 0, 4, 2, 2, 6, 4, 9,
        7, 4, 9, 4, 2, 4, 9, 9, 0, 0, 6, 2, 2, 5, 4, 3, 8, 0, 3, 2, 1, 2, 4, 1,
        9, 8, 6, 5, 0, 7, 9, 8, 1, 2, 8, 5, 7, 0, 1, 0])
447
3968
here
tensor([2, 5, 3, 0, 4, 2, 0, 2, 0, 6, 5, 3, 8, 1, 5, 5, 9, 1, 7, 6, 9, 8, 4, 7,
        8, 6, 7, 7, 6, 1, 9, 7, 6, 7, 6, 3, 2, 8, 2, 0, 6, 3, 1, 1, 8, 8, 3, 1,
        7, 1, 6, 8, 9, 9, 9, 8, 1, 8, 4, 9, 3, 0, 9, 0], device='cuda:0')
tensor([6, 2, 0, 9, 1, 5, 0, 7, 4, 3, 6, 2, 0, 3, 2, 3, 2, 2, 4, 4, 3, 9, 5, 8,
        2, 0, 0, 9, 7, 0, 4, 9, 6, 2, 6, 1, 1, 8, 8, 3, 9, 2, 4, 4, 4, 9, 0, 4,
        3, 0, 8, 5, 4, 6, 9, 7, 9, 3, 9, 6, 6, 8, 4, 0])
453
4032
here
tensor([6, 8, 2, 5, 9, 0, 9, 5, 8, 8, 8, 5, 9, 0, 3, 9, 6, 8, 1, 6, 4, 8, 9, 9,
        8, 6, 1, 1, 6, 8, 6, 4, 5, 6, 0, 2, 6, 6, 7, 1, 8, 8, 8, 6, 2, 8, 5, 9,
        0, 2, 6, 0, 7, 2, 9, 2, 6, 9, 5, 5, 3, 1, 5, 6], device='cuda:0')
tensor([1, 0, 6, 4, 8, 0, 1, 0, 6, 1, 3, 7, 0, 9, 4, 6, 2, 7, 3, 9, 3, 0, 4, 0,
        8, 0, 5, 6, 9, 9, 5, 9, 3, 1, 9, 5, 6, 9, 2, 1, 3, 1, 1, 0, 2, 1, 6, 9,
        0, 4, 0, 8, 9, 3, 1, 3, 0, 9, 2, 9, 3, 5, 3, 3])
462
4096
here
tensor([0, 3, 9, 0, 0, 7, 0, 4, 8, 9, 0, 7, 4, 9, 5, 4, 1, 7, 2, 0, 2, 7, 2, 2,
        3, 4, 5, 5, 5, 8, 1, 7, 7, 4, 5, 3, 3, 1, 3, 1, 9, 4, 7, 6, 9, 4, 0, 4,
        5, 3, 8, 1, 5, 5, 2, 4, 3, 0, 5, 0, 2, 2, 6, 0], device='cuda:0')
tensor([6, 6, 7, 8, 0, 7, 9, 7, 1, 4, 3, 5, 9, 8, 1, 3, 2, 5, 8, 3, 4, 6, 7, 5,
        0, 5, 6, 6, 8, 1, 8, 6, 1, 3, 8, 4, 0, 3, 9, 9, 8, 9, 5, 8, 0, 9, 9, 9,
        6, 2, 0, 6, 8, 0, 9, 4, 2, 8, 5, 9, 6, 9, 7, 0])
467
4160
here
tensor([3, 9, 4, 0, 2, 4, 8, 8, 6, 6, 0, 4, 4, 6, 9, 1, 2, 0, 6, 9, 8, 6, 9, 3,
        4, 0, 4, 0, 5, 2, 7, 1, 8, 4, 2, 8, 6, 8, 7, 2, 1, 0, 8, 7, 5, 5, 5, 2,
        6, 6, 2, 8, 9, 7, 0, 1, 5, 3, 8, 4, 6, 7, 5, 9], device='cuda:0')
tensor([7, 7, 7, 0, 1, 5, 6, 9, 6, 5, 0, 9, 2, 5, 6, 7, 2, 9, 5, 8, 0, 8, 0, 7,
        9, 4, 7, 7, 5, 0, 0, 2, 0, 4, 8, 9, 5, 0, 4, 7, 2, 7, 0, 1, 4, 0, 3, 6,
        6, 4, 1, 9, 6, 2, 9, 4, 3, 0, 5, 1, 1, 1, 8, 9])
475
4224
here
tensor([3, 8, 8, 1, 0, 3, 6, 0, 8, 1, 3, 3, 0, 1, 2, 0, 3, 7, 0, 0, 4, 1, 7, 1,
        8, 5, 7, 6, 1, 1, 3, 9, 9, 7, 5, 1, 7, 5, 5, 4, 0, 1, 4, 0, 4, 5, 5, 8,
        9, 3, 4, 0, 4, 3, 4, 6, 6, 7, 3, 2, 5, 9, 9, 5], device='cuda:0')
tensor([4, 2, 0, 5, 0, 1, 7, 7, 5, 2, 5, 2, 6, 8, 8, 1, 6, 0, 1, 8, 6, 9, 9, 0,
        1, 2, 2, 3, 2, 5, 6, 2, 0, 4, 7, 4, 5, 7, 7, 4, 1, 4, 8, 9, 0, 0, 2, 0,
        1, 4, 5, 3, 0, 1, 7, 9, 3, 3, 3, 7, 7, 7, 2, 8])
478
4288
here
tensor([6, 1, 5, 1, 9, 9, 7, 0, 5, 1, 3, 6, 8, 2, 6, 2, 6, 4, 4, 4, 9, 0, 7, 2,
        7, 3, 2, 9, 3, 8, 5, 2, 1, 1, 3, 9, 0, 6, 8, 8, 1, 0, 9, 8, 7, 1, 5, 6,
        6, 8, 5, 2, 2, 1, 7, 4, 6, 2, 7, 9, 4, 3, 0, 9], device='cuda:0')
tensor([7, 5, 1, 6, 6, 3, 7, 3, 4, 1, 2, 6, 6, 8, 2, 1, 9, 5, 2, 3, 2, 4, 6, 9,
        9, 6, 9, 5, 7, 6, 3, 0, 1, 0, 6, 0, 9, 0, 6, 2, 0, 5, 1, 9, 0, 8, 5, 2,
        0, 8, 6, 7, 4, 3, 1, 6, 1, 9, 3, 8, 3, 8, 6, 3])
484
4352
here
tensor([9, 0, 6, 9, 7, 2, 2, 9, 6, 0, 1, 9, 6, 7, 0, 3, 0, 0, 8, 8, 0, 5, 3, 1,
        8, 2, 9, 5, 3, 3, 9, 7, 4, 3, 2, 0, 7, 2, 8, 2, 4, 6, 4, 4, 2, 0, 0, 3,
        3, 8, 2, 9, 0, 3, 9, 6, 0, 2, 2, 9, 8, 5, 5, 1], device='cuda:0')
tensor([1, 6, 0, 8, 5, 2, 7, 1, 7, 4, 0, 4, 7, 4, 7, 3, 1, 3, 8, 4, 0, 4, 5, 3,
        4, 3, 0, 8, 8, 9, 5, 6, 9, 3, 2, 3, 2, 8, 2, 6, 6, 6, 5, 3, 5, 0, 1, 5,
        4, 3, 0, 9, 2, 0, 2, 0, 8, 9, 3, 6, 2, 2, 3, 5])
493
4416
here
tensor([6, 1, 9, 8, 1, 9, 3, 0, 8, 8, 5, 2, 1, 7, 2, 0, 0, 4, 1, 9, 6, 9, 4, 4,
        6, 7, 2, 0, 2, 2, 9, 9, 0, 3, 4, 6, 9, 3, 3, 2, 9, 6, 6, 8, 2, 5, 4, 3,
        2, 7, 1, 9, 8, 7, 6, 3, 1, 3, 3, 0, 4, 4, 8, 1], device='cuda:0')
tensor([9, 5, 7, 0, 3, 2, 9, 6, 2, 4, 0, 4, 0, 8, 2, 6, 0, 6, 3, 4, 5, 6, 5, 0,
        6, 1, 3, 0, 1, 7, 0, 7, 6, 0, 9, 5, 5, 3, 4, 8, 8, 0, 8, 9, 2, 2, 1, 1,
        9, 3, 5, 5, 1, 9, 5, 9, 4, 4, 0, 7, 7, 6, 7, 2])
499
4480
here
tensor([8, 5, 2, 9, 9, 7, 7, 9, 6, 5, 1, 4, 1, 6, 9, 0, 4, 4, 4, 7, 0, 1, 2, 4,
        3, 0, 6, 7, 6, 8, 7, 0, 8, 1, 8, 2, 0, 7, 1, 9, 6, 9, 7, 3, 9, 7, 2, 1,
        9, 8, 4, 6, 0, 3, 2, 3, 3, 0, 1, 4, 4, 2, 0, 6], device='cuda:0')
tensor([3, 5, 5, 4, 0, 7, 8, 4, 5, 7, 2, 1, 2, 0, 6, 0, 8, 4, 3, 4, 1, 0, 9, 8,
        3, 3, 4, 8, 4, 6, 1, 2, 9, 7, 3, 7, 3, 4, 6, 7, 8, 0, 4, 5, 0, 3, 0, 8,
        5, 3, 8, 2, 7, 8, 6, 0, 9, 4, 6, 5, 3, 7, 4, 0])
504
4544
here
tensor([2, 3, 2, 6, 8, 4, 8, 2, 9, 5, 4, 7, 8, 2, 2, 9, 1, 4, 5, 8, 2, 0, 7, 5,
        6, 0, 4, 4, 2, 0, 5, 1, 5, 0, 0, 3, 3, 4, 6, 3, 8, 3, 6, 8, 7, 2, 9, 4,
        9, 7, 6, 9, 4, 0, 9, 1, 9, 9, 4, 2, 9, 2, 0, 5], device='cuda:0')
tensor([6, 9, 9, 5, 3, 3, 2, 2, 5, 5, 2, 9, 8, 2, 6, 6, 0, 5, 9, 9, 9, 0, 7, 6,
        5, 6, 1, 8, 3, 4, 8, 7, 7, 8, 4, 9, 4, 9, 5, 4, 1, 9, 6, 4, 7, 7, 6, 4,
        9, 5, 4, 6, 4, 1, 1, 2, 9, 0, 4, 2, 9, 6, 2, 1])
519
4608
here
tensor([0, 3, 7, 2, 8, 9, 4, 1, 4, 9, 8, 1, 0, 4, 8, 6, 8, 1, 6, 4, 3, 4, 6, 1,
        1, 1, 3, 2, 8, 9, 1, 2, 9, 0, 6, 6, 7, 6, 5, 6, 5, 4, 5, 9, 2, 3, 6, 3,
        0, 6, 5, 8, 6, 6, 8, 7, 6, 5, 2, 6, 4, 7, 4, 3], device='cuda:0')
tensor([0, 2, 0, 2, 4, 7, 8, 5, 8, 4, 8, 8, 6, 1, 1, 9, 6, 3, 1, 3, 6, 4, 7, 9,
        9, 5, 9, 7, 7, 7, 9, 7, 5, 9, 7, 7, 2, 0, 9, 5, 2, 8, 2, 3, 6, 0, 0, 9,
        4, 4, 3, 6, 7, 5, 5, 2, 2, 2, 5, 9, 0, 9, 0, 6])
523
4672
here
tensor([4, 8, 7, 9, 0, 2, 6, 8, 1, 1, 7, 7, 9, 5, 3, 1, 3, 3, 1, 3, 2, 2, 4, 7,
        6, 3, 7, 0, 0, 9, 8, 0, 0, 4, 9, 7, 9, 4, 0, 3, 7, 1, 4, 8, 2, 0, 6, 3,
        5, 5, 8, 8, 3, 4, 4, 3, 7, 8, 6, 5, 0, 0, 7, 7], device='cuda:0')
tensor([7, 1, 3, 1, 5, 0, 1, 6, 2, 1, 0, 4, 0, 0, 4, 4, 5, 6, 3, 3, 3, 7, 0, 9,
        0, 0, 2, 2, 9, 8, 9, 5, 0, 3, 0, 3, 8, 9, 9, 0, 3, 8, 6, 0, 2, 8, 4, 1,
        3, 2, 4, 9, 4, 2, 2, 5, 3, 3, 8, 4, 5, 0, 6, 8])
528
4736
here
tensor([6, 6, 8, 2, 7, 5, 5, 3, 4, 7, 4, 7, 7, 2, 8, 4, 1, 7, 5, 1, 9, 7, 0, 3,
        5, 7, 0, 2, 9, 2, 9, 3, 5, 9, 9, 1, 6, 7, 5, 3, 7, 0, 0, 6, 1, 1, 4, 7,
        7, 0, 3, 1, 6, 1, 4, 8, 0, 7, 3, 6, 7, 2, 8, 1], device='cuda:0')
tensor([7, 4, 9, 9, 0, 2, 6, 1, 4, 8, 9, 7, 6, 7, 1, 7, 9, 6, 9, 5, 8, 3, 4, 0,
        9, 1, 6, 9, 7, 6, 2, 7, 5, 8, 4, 2, 0, 8, 4, 7, 7, 5, 2, 1, 3, 9, 6, 6,
        8, 8, 6, 7, 4, 4, 7, 6, 7, 2, 3, 6, 4, 0, 9, 9])
534
4800
here
tensor([2, 6, 7, 0, 0, 7, 6, 4, 1, 0, 9, 3, 7, 6, 2, 9, 1, 8, 0, 1, 2, 0, 8, 1,
        2, 2, 3, 1, 0, 4, 7, 0, 7, 2, 4, 3, 8, 2, 8, 0, 2, 5, 4, 9, 5, 9, 6, 8,
        7, 8, 4, 0, 4, 7, 1, 1, 0, 4, 8, 5, 5, 9, 3, 2], device='cuda:0')
tensor([9, 8, 0, 1, 5, 6, 0, 4, 7, 1, 3, 9, 5, 4, 2, 3, 8, 0, 0, 3, 6, 6, 5, 2,
        2, 2, 9, 3, 5, 8, 8, 3, 5, 1, 8, 0, 1, 9, 5, 1, 1, 8, 4, 0, 4, 9, 6, 2,
        0, 6, 7, 4, 2, 4, 3, 9, 1, 0, 6, 9, 3, 9, 1, 1])
543
4864
here
tensor([2, 1, 4, 1, 5, 1, 6, 8, 4, 8, 3, 0, 5, 2, 9, 0, 5, 0, 8, 8, 9, 2, 9, 6,
        5, 1, 8, 5, 0, 1, 8, 0, 6, 0, 2, 8, 4, 6, 1, 5, 6, 7, 3, 5, 3, 4, 9, 1,
        3, 7, 2, 5, 4, 6, 6, 0, 4, 8, 0, 2, 2, 4, 5, 1], device='cuda:0')
tensor([1, 9, 1, 0, 9, 5, 5, 8, 9, 8, 2, 1, 1, 6, 5, 1, 7, 0, 7, 6, 8, 5, 5, 1,
        8, 6, 2, 9, 3, 6, 9, 5, 4, 7, 6, 6, 2, 8, 4, 2, 4, 8, 4, 7, 0, 0, 5, 2,
        4, 1, 9, 9, 7, 1, 2, 1, 7, 9, 3, 8, 5, 0, 3, 3])
546
4928
here
tensor([1, 1, 2, 9, 7, 1, 6, 0, 0, 3, 5, 5, 8, 9, 2, 9, 3, 6, 1, 5, 4, 6, 3, 7,
        2, 3, 1, 4, 6, 9, 0, 7, 0, 6, 1, 2, 2, 2, 6, 6, 7, 3, 1, 3, 7, 8, 2, 5,
        3, 1, 3, 1, 8, 6, 1, 5, 4, 7, 4, 9, 5, 1, 6, 9], device='cuda:0')
tensor([9, 4, 3, 2, 0, 8, 7, 2, 2, 4, 6, 3, 5, 8, 2, 3, 5, 5, 6, 9, 9, 4, 5, 3,
        5, 2, 0, 7, 0, 9, 4, 1, 2, 0, 2, 7, 7, 0, 0, 0, 5, 2, 2, 7, 0, 0, 8, 9,
        8, 2, 5, 0, 3, 9, 1, 7, 4, 9, 9, 4, 2, 0, 7, 5])
550
4992
here
tensor([5, 4, 8, 1, 1, 2, 2, 5, 1, 8, 7, 4, 4, 9, 6, 6, 8, 4, 8, 8, 1, 3, 3, 9,
        0, 9, 5, 0, 9, 3, 9, 1, 2, 4, 9, 4, 5, 0, 5, 1, 3, 8, 8, 0, 5, 6, 0, 3,
        5, 9, 1, 7, 8, 4, 9, 8, 2, 4, 9, 5, 5, 6, 2, 6], device='cuda:0')
tensor([9, 9, 4, 0, 6, 2, 8, 2, 8, 8, 3, 4, 9, 4, 5, 7, 0, 0, 4, 5, 3, 3, 8, 0,
        0, 7, 2, 3, 5, 1, 9, 3, 7, 2, 6, 8, 0, 9, 0, 8, 5, 7, 9, 7, 7, 8, 0, 7,
        6, 1, 8, 4, 8, 4, 0, 6, 7, 0, 0, 9, 1, 5, 5, 4])
559
5056
here
tensor([4, 4, 3, 1, 4, 4, 9, 0, 3, 9, 1, 8, 8, 8, 7, 6, 2, 0, 6, 3, 6, 9, 6, 5,
        1, 2, 4, 3, 7, 7, 6, 5, 4, 5, 4, 7, 0, 7, 8, 5, 5, 7, 8, 9, 5, 7, 8, 3,
        6, 1, 3, 9, 5, 3, 4, 6, 3, 6, 9, 2, 2, 6, 4, 6], device='cuda:0')
tensor([7, 7, 9, 6, 6, 0, 7, 7, 8, 4, 7, 3, 0, 5, 4, 8, 2, 0, 1, 8, 0, 2, 5, 9,
        8, 7, 1, 4, 2, 0, 3, 9, 2, 6, 3, 1, 4, 3, 6, 9, 6, 0, 4, 9, 1, 0, 2, 6,
        3, 3, 1, 4, 5, 7, 9, 8, 3, 9, 5, 7, 0, 9, 1, 2])
564
5120
here
tensor([5, 8, 1, 7, 3, 2, 9, 0, 0, 1, 8, 6, 7, 2, 8, 4, 2, 2, 9, 6, 3, 9, 8, 2,
        1, 1, 1, 3, 3, 8, 1, 4, 6, 9, 0, 0, 1, 8, 2, 4, 1, 0, 1, 4, 7, 1, 2, 4,
        3, 2, 6, 2, 0, 7, 7, 9, 6, 7, 5, 6, 9, 9, 4, 1], device='cuda:0')
tensor([7, 0, 9, 8, 1, 2, 0, 3, 9, 3, 4, 9, 8, 9, 1, 0, 2, 4, 5, 7, 9, 2, 3, 0,
        7, 9, 9, 1, 3, 9, 4, 2, 0, 5, 3, 0, 3, 7, 8, 9, 3, 1, 3, 4, 2, 1, 2, 1,
        6, 2, 1, 9, 1, 8, 1, 3, 5, 5, 5, 4, 0, 8, 1, 7])
573
5184
here
tensor([2, 3, 7, 8, 2, 5, 7, 7, 5, 0, 7, 9, 4, 4, 9, 0, 3, 0, 9, 8, 1, 0, 6, 3,
        8, 6, 9, 9, 1, 1, 2, 7, 4, 9, 6, 2, 1, 1, 2, 3, 7, 5, 7, 5, 8, 7, 3, 4,
        8, 3, 2, 0, 4, 6, 7, 4, 2, 5, 4, 5, 2, 1, 3, 5], device='cuda:0')
tensor([5, 7, 4, 8, 4, 4, 0, 4, 4, 2, 0, 2, 5, 0, 1, 8, 8, 3, 4, 6, 8, 7, 4, 1,
        9, 5, 4, 8, 6, 4, 7, 2, 5, 3, 0, 2, 3, 0, 8, 1, 9, 8, 4, 7, 3, 8, 0, 9,
        6, 0, 2, 5, 1, 6, 8, 6, 0, 2, 2, 3, 4, 2, 4, 7])
577
5248
here
tensor([9, 5, 0, 3, 9, 1, 9, 2, 4, 5, 4, 2, 7, 4, 5, 6, 7, 3, 2, 2, 2, 8, 3, 6,
        2, 4, 8, 0, 6, 4, 8, 4, 1, 1, 3, 5, 2, 0, 0, 8, 6, 6, 5, 9, 9, 3, 5, 1,
        7, 2, 0, 6, 3, 4, 5, 6, 6, 7, 6, 4, 7, 2, 7, 8], device='cuda:0')
tensor([0, 8, 7, 7, 3, 0, 9, 0, 0, 6, 2, 1, 7, 0, 8, 3, 4, 9, 9, 5, 1, 5, 7, 8,
        7, 3, 6, 6, 5, 0, 9, 7, 6, 7, 6, 1, 5, 4, 7, 1, 7, 2, 5, 5, 0, 6, 0, 2,
        3, 6, 8, 4, 7, 3, 2, 1, 1, 2, 2, 7, 8, 6, 3, 0])
580
5312
here
tensor([5, 5, 1, 9, 5, 2, 6, 6, 3, 0, 2, 2, 5, 4, 6, 5, 1, 5, 7, 0, 9, 7, 2, 1,
        7, 8, 0, 4, 0, 6, 0, 9, 6, 6, 8, 3, 0, 7, 5, 1, 4, 7, 2, 3, 8, 5, 4, 0,
        2, 4, 5, 4, 0, 3, 7, 3, 0, 8, 7, 6, 4, 7, 1, 8], device='cuda:0')
tensor([9, 8, 6, 6, 0, 6, 6, 0, 7, 4, 3, 1, 7, 8, 7, 0, 6, 9, 1, 2, 7, 6, 7, 0,
        7, 2, 6, 0, 4, 8, 4, 7, 7, 7, 4, 3, 8, 8, 9, 0, 8, 6, 6, 3, 4, 2, 3, 2,
        9, 0, 1, 0, 9, 7, 6, 9, 9, 8, 7, 5, 7, 9, 8, 8])
587
5376
here
tensor([6, 4, 0, 6, 9, 6, 3, 9, 6, 4, 0, 5, 6, 4, 2, 4, 2, 3, 0, 1, 4, 6, 6, 0,
        8, 6, 7, 0, 7, 9, 9, 5, 0, 4, 3, 2, 4, 6, 1, 4, 2, 1, 7, 5, 1, 1, 5, 4,
        8, 6, 6, 0, 9, 5, 1, 9, 8, 8, 8, 1, 0, 2, 0, 5], device='cuda:0')
tensor([2, 0, 7, 0, 0, 1, 2, 1, 3, 4, 2, 8, 3, 3, 0, 6, 8, 8, 9, 5, 3, 8, 8, 5,
        5, 7, 5, 0, 9, 7, 6, 1, 0, 3, 6, 4, 6, 3, 7, 2, 6, 2, 1, 6, 2, 0, 0, 4,
        7, 0, 3, 2, 9, 6, 7, 6, 9, 0, 6, 9, 6, 4, 5, 5])
593
5440
here
tensor([3, 9, 0, 5, 1, 1, 4, 2, 7, 0, 7, 1, 9, 6, 4, 9, 5, 2, 0, 7, 5, 1, 2, 5,
        5, 7, 4, 0, 1, 4, 1, 6, 6, 0, 9, 0, 2, 6, 3, 3, 9, 4, 9, 9, 4, 5, 8, 0,
        1, 6, 9, 7, 4, 5, 4, 8, 9, 7, 3, 0, 4, 7, 3, 2], device='cuda:0')
tensor([2, 0, 7, 5, 7, 9, 5, 6, 5, 2, 4, 4, 2, 4, 5, 2, 4, 3, 0, 1, 0, 2, 9, 1,
        1, 4, 2, 0, 5, 2, 8, 0, 8, 6, 0, 1, 0, 3, 4, 8, 4, 6, 1, 3, 0, 6, 8, 3,
        4, 9, 5, 5, 8, 0, 5, 8, 7, 7, 8, 7, 8, 6, 4, 4])
599
5504
here
tensor([7, 6, 9, 2, 6, 7, 7, 9, 4, 1, 1, 2, 0, 3, 3, 6, 9, 8, 2, 2, 0, 4, 1, 9,
        4, 2, 8, 0, 4, 0, 2, 6, 1, 1, 4, 4, 8, 8, 0, 9, 0, 9, 4, 4, 9, 9, 5, 2,
        4, 6, 1, 9, 5, 1, 6, 4, 6, 9, 3, 4, 8, 4, 0, 8], device='cuda:0')
tensor([8, 2, 7, 8, 0, 0, 6, 4, 6, 6, 3, 4, 7, 1, 9, 9, 2, 5, 4, 2, 5, 7, 1, 2,
        1, 1, 1, 7, 4, 1, 8, 4, 0, 9, 3, 2, 6, 3, 9, 9, 2, 3, 3, 8, 3, 1, 7, 3,
        5, 4, 9, 9, 4, 2, 8, 2, 5, 8, 5, 2, 9, 3, 0, 6])
605
5568
here
tensor([0, 8, 3, 3, 2, 3, 5, 5, 1, 4, 8, 3, 7, 8, 9, 3, 4, 7, 6, 4, 9, 6, 5, 9,
        1, 7, 1, 2, 9, 0, 9, 3, 1, 2, 3, 5, 8, 8, 2, 2, 2, 8, 9, 0, 7, 6, 8, 4,
        8, 1, 9, 7, 7, 8, 3, 0, 4, 0, 5, 1, 7, 5, 5, 4], device='cuda:0')
tensor([9, 5, 0, 3, 1, 7, 9, 2, 8, 0, 6, 4, 3, 2, 9, 9, 8, 5, 3, 4, 3, 9, 7, 7,
        6, 4, 2, 5, 8, 4, 3, 2, 7, 2, 5, 5, 2, 2, 2, 5, 5, 9, 9, 8, 7, 5, 3, 3,
        6, 9, 8, 3, 5, 6, 9, 4, 9, 4, 7, 9, 4, 8, 5, 5])
614
5632
here
tensor([7, 2, 7, 7, 3, 0, 9, 9, 4, 9, 4, 2, 9, 3, 9, 5, 6, 4, 9, 2, 7, 7, 1, 7,
        3, 0, 4, 2, 0, 1, 1, 2, 0, 9, 1, 6, 0, 6, 7, 7, 7, 8, 9, 6, 1, 1, 0, 9,
        5, 4, 4, 9, 3, 8, 5, 3, 7, 3, 8, 6, 5, 9, 0, 8], device='cuda:0')
tensor([1, 8, 8, 6, 4, 1, 9, 8, 6, 8, 8, 8, 9, 8, 3, 4, 6, 6, 3, 6, 9, 6, 7, 9,
        9, 6, 6, 8, 7, 9, 6, 2, 7, 3, 4, 5, 8, 3, 9, 2, 1, 0, 7, 8, 1, 0, 8, 9,
        6, 0, 4, 7, 6, 7, 0, 7, 3, 3, 8, 0, 5, 5, 7, 7])
624
5696
here
tensor([4, 3, 9, 8, 5, 8, 1, 5, 9, 2, 8, 1, 0, 2, 0, 6, 8, 0, 3, 2, 5, 8, 7, 1,
        2, 7, 8, 4, 1, 8, 5, 9, 3, 0, 4, 1, 7, 5, 7, 8, 9, 7, 5, 8, 4, 8, 6, 2,
        3, 6, 5, 3, 8, 6, 8, 4, 2, 5, 1, 5, 7, 6, 1, 3], device='cuda:0')
tensor([0, 2, 9, 9, 5, 0, 6, 2, 0, 9, 1, 8, 2, 7, 1, 2, 4, 8, 9, 3, 1, 9, 4, 4,
        9, 6, 9, 1, 0, 2, 4, 7, 1, 0, 0, 2, 1, 7, 8, 7, 7, 4, 6, 0, 5, 2, 2, 3,
        9, 2, 8, 7, 9, 8, 1, 1, 4, 8, 4, 2, 7, 6, 0, 4])
629
5760
here
tensor([0, 5, 8, 5, 1, 3, 5, 1, 3, 1, 2, 4, 0, 7, 3, 1, 3, 2, 6, 1, 1, 3, 1, 4,
        8, 8, 7, 4, 9, 8, 7, 1, 2, 9, 7, 4, 9, 5, 1, 5, 4, 5, 5, 8, 1, 2, 8, 9,
        7, 3, 9, 6, 4, 4, 5, 4, 9, 4, 1, 6, 1, 5, 7, 3], device='cuda:0')
tensor([4, 0, 6, 9, 8, 6, 4, 9, 3, 0, 8, 4, 2, 7, 0, 5, 7, 3, 3, 6, 6, 0, 9, 0,
        7, 7, 5, 2, 6, 6, 8, 5, 3, 1, 7, 9, 1, 4, 5, 8, 0, 5, 9, 7, 0, 1, 1, 4,
        2, 6, 2, 0, 7, 1, 1, 5, 1, 2, 3, 1, 9, 2, 3, 6])
634
5824
here
tensor([7, 7, 3, 0, 8, 2, 3, 1, 8, 8, 1, 5, 1, 6, 0, 5, 0, 0, 4, 0, 5, 2, 5, 3,
        6, 4, 8, 5, 4, 5, 9, 7, 3, 0, 6, 9, 3, 1, 4, 8, 4, 3, 1, 0, 6, 8, 5, 5,
        3, 0, 0, 2, 1, 9, 6, 2, 8, 7, 0, 6, 6, 0, 0, 6], device='cuda:0')
tensor([8, 9, 9, 3, 3, 8, 1, 6, 2, 9, 6, 6, 6, 6, 8, 3, 1, 9, 7, 7, 3, 2, 8, 6,
        2, 0, 4, 6, 4, 2, 0, 3, 0, 5, 0, 9, 8, 6, 6, 0, 8, 0, 9, 8, 4, 0, 3, 9,
        2, 6, 5, 7, 2, 1, 5, 7, 7, 0, 9, 7, 6, 3, 8, 8])
639
5888
here
tensor([5, 6, 6, 7, 7, 6, 3, 6, 6, 0, 0, 2, 1, 6, 7, 8, 7, 8, 7, 4, 1, 7, 7, 6,
        5, 7, 9, 1, 5, 0, 0, 3, 6, 8, 7, 0, 9, 9, 2, 4, 4, 9, 5, 5, 2, 4, 5, 9,
        1, 8, 4, 8, 4, 2, 9, 4, 4, 6, 5, 6, 1, 4, 9, 1], device='cuda:0')
tensor([0, 5, 2, 0, 7, 0, 5, 6, 4, 1, 9, 5, 7, 1, 7, 3, 6, 2, 9, 2, 1, 1, 0, 8,
        2, 0, 3, 7, 1, 5, 6, 1, 3, 1, 2, 1, 6, 7, 4, 7, 3, 6, 2, 5, 3, 2, 2, 0,
        2, 0, 5, 6, 7, 9, 1, 9, 6, 2, 5, 6, 2, 2, 7, 8])
646
5952
here
tensor([9, 9, 5, 9, 1, 9, 3, 7, 8, 3, 4, 7, 8, 8, 3, 5, 8, 6, 0, 7, 2, 7, 5, 3,
        1, 9, 3, 3, 7, 3, 9, 9, 0, 3, 6, 4, 2, 2, 1, 7, 2, 4, 2, 6, 2, 2, 5, 9,
        2, 8, 7, 5, 0, 7, 4, 0, 2, 9, 4, 4, 1, 2, 5, 5], device='cuda:0')
tensor([6, 8, 0, 2, 0, 2, 8, 6, 8, 0, 2, 2, 4, 5, 8, 5, 5, 3, 9, 4, 6, 3, 6, 5,
        6, 4, 7, 6, 5, 7, 7, 5, 9, 5, 3, 4, 6, 1, 3, 8, 1, 7, 6, 8, 2, 9, 7, 1,
        7, 9, 1, 8, 7, 7, 4, 9, 7, 9, 0, 0, 1, 5, 0, 3])
654
6016
here
tensor([1, 7, 2, 6, 0, 8, 9, 4, 4, 4, 7, 5, 4, 1, 1, 8, 4, 8, 2, 8, 6, 6, 3, 2,
        0, 3, 9, 4, 2, 9, 5, 8, 6, 4, 7, 7, 0, 1, 2, 3, 2, 4, 9, 4, 2, 7, 4, 4,
        7, 3, 5, 4, 5, 3, 9, 2, 3, 9, 5, 5, 9, 9, 2, 5], device='cuda:0')
tensor([4, 6, 2, 6, 0, 8, 4, 7, 7, 5, 6, 0, 5, 4, 6, 0, 8, 6, 4, 6, 3, 1, 5, 2,
        1, 9, 2, 4, 1, 9, 3, 2, 1, 1, 2, 4, 9, 2, 7, 1, 4, 7, 4, 3, 9, 3, 0, 5,
        3, 8, 1, 1, 3, 1, 9, 6, 9, 6, 9, 2, 2, 2, 0, 7])
662
6080
here
tensor([7, 5, 5, 1, 2, 6, 3, 1, 7, 1, 0, 9, 0, 3, 9, 8, 9, 8, 4, 1, 9, 9, 1, 5,
        2, 7, 7, 9, 8, 5, 5, 6, 8, 4, 4, 7, 2, 6, 8, 6, 4, 1, 4, 9, 9, 3, 7, 8,
        7, 2, 2, 0, 7, 8, 1, 9, 4, 1, 7, 7, 0, 4, 9, 0], device='cuda:0')
tensor([1, 2, 8, 0, 0, 0, 7, 3, 4, 1, 7, 5, 6, 0, 6, 9, 7, 3, 4, 7, 5, 4, 3, 2,
        1, 1, 0, 4, 0, 2, 8, 0, 8, 0, 2, 3, 0, 8, 9, 0, 8, 3, 1, 0, 0, 6, 1, 0,
        3, 8, 7, 4, 7, 4, 0, 9, 5, 5, 3, 0, 3, 7, 3, 8])
667
6144
here
tensor([6, 8, 2, 1, 0, 9, 1, 0, 4, 3, 0, 5, 6, 7, 0, 4, 7, 6, 8, 6, 0, 4, 9, 7,
        9, 6, 3, 6, 2, 5, 1, 8, 2, 8, 3, 0, 4, 7, 0, 8, 4, 4, 6, 4, 2, 9, 1, 8,
        4, 8, 5, 5, 9, 1, 7, 3, 8, 7, 6, 1, 3, 0, 0, 1], device='cuda:0')
tensor([7, 4, 0, 8, 6, 0, 2, 0, 0, 4, 2, 6, 7, 0, 0, 6, 0, 0, 6, 6, 7, 3, 3, 1,
        9, 2, 9, 7, 5, 6, 7, 4, 4, 0, 0, 9, 3, 1, 4, 0, 3, 1, 0, 2, 2, 7, 1, 1,
        0, 8, 2, 9, 3, 0, 0, 9, 5, 1, 3, 9, 0, 0, 1, 3])
675
6208
here
tensor([0, 6, 1, 3, 3, 8, 1, 5, 4, 0, 3, 7, 7, 0, 2, 4, 9, 6, 9, 5, 3, 6, 3, 2,
        4, 9, 4, 3, 8, 5, 1, 4, 5, 0, 2, 4, 0, 0, 4, 6, 5, 4, 8, 9, 1, 7, 4, 8,
        7, 3, 9, 5, 1, 9, 5, 5, 6, 9, 5, 7, 6, 2, 9, 0], device='cuda:0')
tensor([3, 3, 0, 6, 2, 8, 6, 0, 9, 4, 8, 7, 6, 8, 7, 7, 6, 7, 4, 6, 2, 3, 4, 1,
        7, 7, 4, 7, 2, 4, 5, 2, 5, 9, 0, 2, 0, 5, 8, 9, 1, 9, 3, 0, 4, 9, 0, 0,
        8, 3, 2, 5, 2, 0, 0, 4, 2, 7, 2, 4, 1, 9, 0, 9])
682
6272
here
tensor([8, 7, 4, 0, 8, 0, 3, 9, 2, 9, 9, 3, 0, 9, 1, 6, 1, 6, 9, 6, 3, 1, 7, 0,
        4, 5, 8, 6, 4, 2, 3, 0, 8, 1, 0, 1, 8, 8, 0, 1, 3, 5, 1, 3, 0, 9, 5, 8,
        2, 4, 5, 3, 3, 7, 3, 8, 1, 6, 2, 9, 8, 2, 0, 2], device='cuda:0')
tensor([3, 0, 0, 1, 3, 2, 4, 8, 5, 9, 3, 3, 0, 9, 3, 7, 2, 6, 6, 1, 0, 4, 7, 7,
        4, 8, 7, 5, 4, 6, 4, 9, 8, 1, 0, 5, 6, 0, 6, 2, 3, 1, 4, 5, 9, 9, 8, 3,
        0, 7, 1, 9, 4, 6, 9, 5, 7, 2, 9, 0, 9, 5, 0, 5])
696
6336
here
tensor([8, 3, 3, 8, 9, 2, 8, 0, 4, 4, 5, 3, 4, 7, 2, 7, 1, 9, 0, 5, 6, 2, 2, 2,
        8, 7, 5, 0, 1, 2, 5, 9, 0, 8, 0, 5, 3, 1, 4, 5, 0, 3, 7, 0, 1, 9, 1, 2,
        5, 4, 3, 7, 4, 0, 3, 3, 8, 7, 1, 9, 2, 4, 5, 6], device='cuda:0')
tensor([7, 0, 7, 4, 3, 3, 8, 8, 0, 5, 1, 0, 3, 0, 9, 0, 7, 3, 4, 4, 3, 1, 2, 1,
        7, 4, 5, 7, 5, 8, 5, 7, 2, 9, 0, 7, 8, 6, 5, 9, 5, 9, 2, 3, 5, 3, 7, 3,
        9, 9, 5, 2, 9, 6, 6, 9, 8, 2, 0, 2, 4, 0, 9, 5])
702
6400
here
tensor([2, 4, 4, 9, 1, 3, 0, 2, 8, 3, 5, 1, 4, 9, 2, 8, 6, 2, 6, 9, 8, 0, 2, 8,
        1, 4, 9, 6, 0, 1, 1, 2, 8, 3, 0, 7, 3, 5, 8, 2, 4, 0, 3, 8, 2, 6, 4, 5,
        0, 7, 6, 1, 5, 8, 2, 3, 9, 6, 5, 5, 7, 2, 6, 0], device='cuda:0')
tensor([0, 2, 8, 8, 3, 3, 7, 5, 8, 3, 3, 5, 1, 8, 2, 9, 1, 5, 7, 2, 2, 9, 9, 6,
        7, 0, 8, 8, 1, 6, 3, 7, 1, 0, 0, 6, 7, 2, 9, 1, 0, 1, 9, 4, 6, 8, 1, 9,
        3, 7, 2, 8, 0, 2, 0, 0, 5, 5, 0, 5, 6, 8, 7, 4])
709
6464
here
tensor([9, 8, 1, 4, 0, 1, 8, 1, 1, 8, 4, 2, 5, 7, 4, 6, 4, 6, 0, 3, 6, 9, 0, 8,
        8, 5, 4, 6, 7, 5, 3, 1, 1, 2, 1, 9, 8, 9, 6, 6, 0, 8, 0, 3, 8, 6, 4, 8,
        9, 8, 0, 8, 3, 9, 9, 1, 8, 0, 5, 0, 1, 3, 5, 3], device='cuda:0')
tensor([8, 6, 3, 3, 0, 1, 6, 9, 8, 6, 1, 9, 4, 4, 3, 4, 8, 9, 0, 7, 3, 1, 2, 5,
        7, 9, 7, 6, 3, 5, 8, 4, 0, 2, 9, 0, 7, 2, 9, 5, 4, 1, 3, 9, 6, 5, 1, 6,
        0, 5, 0, 8, 0, 5, 8, 3, 1, 1, 5, 1, 8, 8, 5, 5])
719
6528
here
tensor([4, 7, 5, 5, 2, 3, 5, 5, 0, 7, 0, 2, 7, 6, 8, 7, 0, 8, 3, 3, 2, 3, 5, 9,
        7, 6, 0, 7, 4, 3, 7, 5, 9, 1, 3, 7, 0, 7, 0, 3, 4, 7, 4, 4, 0, 1, 8, 5,
        7, 6, 3, 8, 9, 7, 0, 9, 2, 8, 2, 4, 3, 8, 9, 3], device='cuda:0')
tensor([0, 8, 6, 6, 7, 4, 8, 5, 7, 7, 9, 6, 6, 9, 4, 0, 0, 5, 8, 8, 0, 1, 6, 1,
        5, 6, 3, 1, 1, 0, 6, 5, 6, 3, 1, 1, 7, 3, 4, 7, 9, 8, 6, 4, 7, 6, 6, 2,
        9, 0, 7, 5, 6, 2, 5, 8, 6, 3, 0, 9, 8, 1, 1, 3])
726
6592
here
tensor([9, 4, 8, 6, 7, 6, 4, 2, 8, 4, 7, 9, 9, 5, 0, 2, 8, 6, 9, 2, 1, 2, 0, 7,
        8, 6, 3, 6, 3, 9, 2, 8, 2, 5, 1, 6, 1, 6, 8, 6, 2, 4, 6, 1, 7, 4, 8, 1,
        6, 9, 8, 7, 4, 1, 9, 8, 7, 7, 9, 3, 8, 9, 8, 6], device='cuda:0')
tensor([8, 1, 0, 4, 3, 5, 4, 5, 4, 5, 0, 1, 2, 5, 3, 4, 7, 4, 7, 7, 9, 7, 5, 4,
        9, 9, 5, 0, 2, 5, 1, 5, 1, 3, 8, 2, 1, 9, 9, 3, 1, 9, 3, 1, 7, 2, 3, 1,
        8, 2, 4, 4, 0, 6, 3, 8, 2, 6, 7, 6, 7, 9, 4, 0])
734
6656
here
tensor([8, 0, 1, 2, 5, 5, 8, 3, 1, 2, 0, 5, 0, 4, 1, 8, 9, 5, 1, 0, 2, 1, 4, 1,
        6, 0, 8, 9, 8, 8, 4, 7, 2, 3, 8, 2, 8, 2, 0, 2, 0, 3, 5, 7, 3, 2, 8, 2,
        4, 0, 3, 0, 2, 9, 5, 6, 9, 7, 4, 1, 3, 6, 6, 3], device='cuda:0')
tensor([9, 2, 8, 6, 0, 9, 8, 8, 2, 8, 0, 3, 3, 7, 8, 4, 0, 3, 7, 9, 1, 4, 3, 4,
        6, 5, 9, 3, 9, 1, 1, 4, 7, 7, 2, 1, 3, 7, 8, 1, 8, 0, 9, 6, 4, 9, 5, 9,
        5, 2, 5, 8, 4, 7, 8, 8, 5, 3, 4, 4, 9, 0, 4, 2])
738
6720
here
tensor([0, 2, 1, 7, 8, 9, 4, 9, 7, 9, 6, 6, 8, 6, 4, 8, 1, 7, 0, 3, 6, 4, 6, 5,
        0, 5, 3, 1, 7, 4, 1, 4, 0, 5, 5, 2, 4, 4, 7, 6, 0, 5, 0, 1, 8, 6, 8, 8,
        0, 7, 6, 3, 1, 5, 3, 7, 4, 6, 9, 3, 6, 5, 5, 9], device='cuda:0')
tensor([0, 5, 4, 2, 8, 3, 6, 8, 0, 2, 7, 6, 2, 2, 9, 1, 2, 2, 8, 1, 2, 1, 6, 0,
        1, 3, 2, 6, 9, 3, 7, 1, 1, 0, 2, 4, 9, 9, 9, 4, 4, 0, 9, 8, 1, 4, 9, 6,
        9, 7, 3, 6, 4, 9, 2, 6, 5, 4, 3, 2, 0, 8, 0, 4])
743
6784
here
tensor([0, 7, 1, 3, 2, 6, 0, 3, 9, 7, 9, 8, 9, 8, 8, 7, 9, 4, 6, 3, 2, 3, 2, 4,
        8, 2, 6, 0, 6, 2, 0, 3, 5, 4, 9, 7, 7, 6, 6, 0, 0, 5, 8, 2, 4, 1, 7, 8,
        0, 7, 7, 3, 6, 3, 1, 0, 0, 4, 4, 5, 6, 7, 0, 2], device='cuda:0')
tensor([6, 3, 7, 0, 8, 4, 6, 2, 0, 8, 3, 8, 4, 0, 8, 1, 1, 7, 6, 9, 7, 0, 7, 3,
        3, 3, 5, 6, 9, 4, 0, 3, 1, 9, 1, 2, 9, 1, 9, 1, 7, 0, 2, 6, 9, 7, 0, 5,
        4, 8, 9, 8, 5, 6, 2, 1, 8, 8, 4, 2, 0, 0, 9, 1])
749
6848
here
tensor([2, 7, 8, 3, 9, 6, 8, 0, 3, 7, 2, 3, 2, 7, 9, 6, 7, 2, 7, 7, 4, 8, 8, 2,
        7, 2, 9, 7, 6, 7, 6, 1, 2, 4, 2, 3, 5, 5, 4, 1, 2, 9, 3, 6, 8, 3, 3, 7,
        6, 1, 5, 8, 3, 8, 8, 5, 0, 4, 3, 8, 9, 2, 9, 4], device='cuda:0')
tensor([7, 0, 2, 2, 6, 7, 8, 5, 5, 5, 3, 3, 6, 5, 5, 1, 8, 6, 4, 5, 3, 9, 4, 8,
        2, 5, 5, 6, 9, 6, 4, 7, 2, 6, 7, 6, 5, 5, 4, 3, 4, 7, 7, 2, 2, 0, 7, 5,
        4, 8, 2, 8, 3, 3, 2, 3, 3, 1, 0, 0, 2, 7, 5, 8])
757
6912
here
tensor([8, 6, 3, 0, 7, 9, 5, 8, 3, 5, 9, 1, 0, 0, 9, 0, 0, 7, 5, 3, 6, 5, 6, 1,
        1, 1, 3, 8, 8, 6, 6, 0, 6, 7, 2, 5, 3, 5, 9, 2, 9, 2, 5, 0, 8, 1, 0, 5,
        9, 8, 5, 5, 0, 7, 1, 6, 2, 6, 5, 8, 3, 0, 9, 7], device='cuda:0')
tensor([5, 3, 0, 9, 0, 2, 7, 1, 9, 1, 7, 8, 6, 0, 8, 9, 4, 8, 4, 3, 9, 3, 8, 9,
        7, 2, 5, 8, 8, 0, 6, 4, 8, 8, 6, 6, 5, 5, 6, 1, 6, 6, 2, 9, 1, 4, 9, 0,
        1, 9, 8, 1, 4, 9, 0, 6, 1, 1, 3, 3, 7, 9, 4, 8])
764
6976
here
tensor([0, 5, 2, 6, 6, 0, 4, 0, 7, 7, 0, 1, 5, 2, 1, 8, 4, 7, 6, 2, 9, 2, 4, 9,
        2, 6, 8, 9, 6, 3, 6, 1, 5, 5, 5, 8, 2, 5, 2, 9, 4, 9, 5, 7, 6, 1, 1, 3,
        4, 8, 1, 2, 7, 1, 8, 5, 4, 9, 3, 5, 0, 1, 6, 8], device='cuda:0')
tensor([0, 5, 6, 6, 3, 4, 4, 5, 7, 8, 9, 0, 5, 6, 7, 0, 6, 5, 8, 5, 5, 7, 1, 5,
        7, 8, 0, 5, 0, 4, 4, 2, 1, 2, 5, 3, 0, 9, 7, 3, 8, 2, 8, 2, 2, 6, 5, 1,
        7, 3, 0, 2, 7, 8, 7, 1, 1, 2, 3, 9, 3, 8, 1, 0])
774
7040
here
tensor([9, 6, 3, 4, 6, 4, 5, 4, 8, 4, 4, 8, 2, 5, 3, 2, 1, 8, 7, 2, 7, 0, 0, 5,
        4, 5, 2, 9, 2, 1, 8, 9, 8, 5, 4, 2, 7, 9, 0, 2, 3, 9, 9, 9, 8, 5, 6, 9,
        7, 9, 0, 6, 1, 0, 3, 4, 2, 8, 2, 7, 5, 3, 4, 8], device='cuda:0')
tensor([8, 7, 1, 8, 3, 3, 4, 2, 1, 3, 5, 6, 1, 3, 7, 2, 3, 3, 3, 3, 0, 3, 5, 2,
        4, 3, 3, 5, 0, 0, 2, 6, 6, 1, 5, 3, 0, 0, 8, 4, 8, 0, 4, 5, 4, 1, 8, 1,
        4, 3, 7, 4, 9, 1, 2, 6, 1, 6, 0, 3, 3, 9, 8, 0])
776
7104
here
tensor([9, 7, 8, 0, 8, 9, 2, 2, 7, 9, 4, 8, 1, 4, 8, 9, 1, 3, 3, 7, 3, 3, 7, 4,
        7, 3, 7, 9, 4, 9, 8, 9, 5, 9, 5, 3, 1, 4, 5, 7, 3, 7, 5, 6, 5, 2, 4, 6,
        4, 0, 5, 6, 1, 1, 1, 9, 2, 0, 6, 9, 0, 9, 0, 2], device='cuda:0')
tensor([3, 0, 0, 3, 9, 7, 4, 6, 0, 3, 0, 7, 4, 4, 1, 3, 0, 3, 4, 1, 2, 0, 4, 2,
        8, 0, 3, 9, 0, 9, 1, 9, 1, 8, 6, 5, 2, 0, 3, 3, 2, 6, 1, 1, 2, 6, 9, 4,
        3, 0, 0, 7, 6, 6, 2, 8, 4, 4, 1, 1, 5, 2, 8, 7])
782
7168
here
tensor([2, 4, 4, 2, 4, 3, 8, 0, 8, 3, 3, 8, 0, 4, 3, 8, 7, 4, 9, 4, 1, 8, 5, 9,
        0, 7, 4, 5, 3, 3, 3, 2, 8, 7, 0, 5, 4, 7, 1, 3, 8, 9, 7, 0, 4, 0, 2, 2,
        4, 7, 4, 9, 5, 0, 2, 4, 5, 2, 2, 6, 1, 2, 0, 9], device='cuda:0')
tensor([8, 1, 7, 6, 3, 3, 2, 5, 5, 6, 2, 5, 7, 6, 7, 5, 4, 2, 2, 7, 6, 4, 2, 5,
        2, 6, 5, 5, 4, 3, 4, 1, 5, 6, 2, 1, 4, 2, 5, 5, 9, 9, 1, 2, 3, 0, 4, 5,
        5, 0, 4, 6, 7, 6, 8, 2, 5, 4, 6, 9, 8, 7, 7, 9])
791
7232
here
tensor([4, 8, 4, 1, 8, 1, 0, 4, 5, 3, 7, 1, 9, 5, 8, 6, 8, 7, 7, 0, 8, 7, 0, 7,
        9, 9, 9, 7, 5, 8, 0, 6, 8, 6, 8, 5, 3, 9, 6, 1, 5, 8, 4, 7, 1, 6, 3, 2,
        5, 5, 8, 7, 9, 7, 1, 5, 0, 9, 2, 3, 0, 3, 6, 7], device='cuda:0')
tensor([6, 9, 2, 8, 0, 6, 9, 5, 8, 1, 3, 8, 1, 0, 7, 7, 6, 0, 9, 3, 7, 3, 8, 8,
        0, 1, 3, 1, 7, 8, 3, 1, 0, 3, 3, 5, 0, 9, 7, 1, 1, 7, 0, 0, 5, 8, 9, 1,
        8, 1, 9, 1, 8, 4, 6, 2, 2, 2, 7, 4, 1, 5, 0, 0])
795
7296
here
tensor([4, 3, 8, 3, 1, 5, 2, 7, 4, 5, 1, 0, 5, 9, 2, 4, 6, 5, 2, 9, 3, 2, 3, 2,
        0, 9, 8, 8, 4, 8, 4, 4, 3, 2, 5, 5, 8, 0, 4, 7, 5, 5, 6, 3, 0, 4, 3, 3,
        8, 7, 0, 0, 9, 1, 8, 8, 5, 0, 3, 9, 0, 5, 8, 9], device='cuda:0')
tensor([8, 1, 4, 0, 4, 1, 8, 7, 7, 6, 4, 7, 2, 4, 3, 6, 3, 1, 3, 3, 9, 2, 3, 4,
        8, 0, 8, 3, 4, 6, 1, 7, 5, 5, 2, 4, 0, 6, 7, 6, 6, 5, 9, 1, 6, 3, 9, 1,
        3, 0, 4, 4, 1, 8, 8, 6, 6, 2, 9, 5, 1, 0, 8, 5])
803
7360
here
tensor([7, 3, 6, 0, 2, 4, 4, 3, 7, 8, 4, 2, 4, 6, 4, 4, 1, 4, 0, 1, 7, 9, 3, 3,
        4, 2, 4, 7, 7, 6, 9, 8, 2, 3, 6, 6, 1, 9, 4, 9, 9, 0, 6, 0, 0, 9, 4, 2,
        5, 7, 8, 5, 9, 2, 3, 3, 8, 7, 9, 2, 7, 3, 6, 2], device='cuda:0')
tensor([3, 0, 8, 0, 4, 7, 0, 1, 0, 7, 9, 3, 2, 2, 2, 0, 0, 5, 7, 8, 5, 5, 0, 0,
        0, 5, 1, 0, 8, 1, 2, 4, 1, 1, 9, 0, 8, 4, 6, 7, 6, 9, 6, 5, 6, 0, 8, 5,
        6, 7, 8, 3, 7, 1, 3, 6, 2, 3, 2, 2, 6, 6, 1, 4])
809
7424
here
tensor([7, 0, 5, 7, 3, 7, 1, 6, 2, 3, 0, 9, 1, 8, 8, 8, 4, 3, 0, 6, 6, 3, 8, 8,
        1, 4, 1, 3, 0, 0, 5, 8, 0, 7, 6, 5, 4, 7, 1, 1, 6, 9, 5, 2, 2, 9, 5, 9,
        5, 4, 9, 3, 3, 8, 9, 9, 2, 5, 5, 3, 4, 2, 2, 7], device='cuda:0')
tensor([2, 8, 8, 1, 3, 2, 5, 7, 8, 0, 3, 1, 3, 6, 9, 0, 4, 3, 8, 9, 2, 1, 2, 4,
        9, 0, 3, 7, 1, 2, 2, 9, 0, 0, 1, 0, 8, 8, 8, 1, 4, 1, 4, 5, 8, 3, 5, 8,
        5, 2, 8, 2, 7, 5, 1, 3, 5, 0, 9, 4, 0, 3, 3, 1])
816
7488
here
tensor([9, 6, 1, 1, 8, 4, 0, 3, 2, 0, 9, 1, 0, 7, 4, 9, 6, 0, 8, 4, 1, 9, 8, 5,
        0, 0, 5, 7, 4, 6, 3, 6, 4, 1, 8, 8, 6, 4, 0, 6, 8, 4, 8, 5, 2, 4, 2, 6,
        3, 8, 4, 9, 8, 6, 2, 3, 6, 1, 0, 7, 8, 5, 4, 7], device='cuda:0')
tensor([2, 7, 3, 8, 9, 8, 6, 5, 4, 7, 4, 2, 9, 3, 7, 3, 4, 4, 9, 0, 1, 6, 4, 4,
        0, 7, 3, 2, 4, 2, 1, 8, 5, 3, 3, 0, 4, 5, 1, 0, 3, 6, 9, 2, 6, 5, 1, 5,
        0, 1, 7, 6, 4, 4, 7, 4, 1, 2, 6, 7, 9, 0, 7, 6])
820
7552
here
tensor([3, 4, 4, 6, 6, 6, 6, 3, 9, 0, 6, 5, 9, 8, 6, 1, 2, 7, 7, 8, 2, 2, 7, 2,
        5, 9, 4, 7, 0, 5, 6, 0, 7, 2, 2, 5, 3, 3, 6, 7, 1, 4, 2, 7, 7, 1, 6, 1,
        7, 3, 3, 9, 4, 8, 2, 5, 7, 5, 0, 6, 0, 7, 6, 0], device='cuda:0')
tensor([9, 7, 1, 1, 2, 8, 0, 9, 3, 8, 4, 5, 5, 0, 4, 1, 1, 7, 8, 2, 2, 4, 8, 3,
        2, 4, 0, 9, 5, 4, 2, 0, 3, 8, 6, 5, 3, 5, 6, 4, 7, 4, 2, 4, 6, 9, 0, 5,
        7, 1, 3, 8, 5, 1, 1, 3, 5, 3, 4, 0, 0, 6, 7, 0])
834
7616
here
tensor([7, 0, 6, 7, 6, 9, 6, 1, 0, 2, 1, 4, 3, 2, 8, 6, 4, 4, 7, 9, 1, 9, 1, 2,
        7, 5, 3, 9, 7, 5, 9, 4, 9, 8, 7, 3, 7, 8, 6, 0, 5, 1, 9, 5, 0, 5, 6, 7,
        0, 7, 4, 1, 0, 8, 9, 7, 4, 1, 4, 2, 4, 8, 5, 8], device='cuda:0')
tensor([1, 0, 4, 5, 3, 2, 9, 4, 2, 4, 5, 3, 1, 9, 1, 9, 6, 1, 1, 2, 8, 6, 7, 7,
        7, 1, 7, 2, 4, 4, 3, 8, 9, 3, 4, 5, 3, 9, 8, 5, 3, 1, 2, 0, 3, 0, 0, 2,
        2, 7, 7, 3, 6, 2, 5, 4, 5, 5, 2, 5, 8, 8, 6, 0])
840
7680
here
tensor([9, 4, 6, 6, 8, 4, 3, 2, 9, 2, 3, 7, 9, 1, 0, 5, 1, 8, 2, 1, 6, 8, 2, 6,
        1, 1, 0, 7, 4, 0, 2, 3, 2, 4, 5, 7, 2, 5, 4, 5, 9, 9, 7, 9, 2, 0, 0, 6,
        3, 3, 9, 5, 4, 4, 0, 1, 4, 4, 6, 6, 1, 9, 8, 9], device='cuda:0')
tensor([4, 7, 9, 0, 5, 0, 6, 8, 0, 8, 4, 9, 4, 3, 8, 0, 1, 2, 5, 8, 6, 9, 7, 4,
        0, 2, 1, 6, 4, 4, 0, 2, 0, 5, 0, 3, 8, 8, 6, 0, 8, 6, 2, 1, 3, 9, 3, 5,
        5, 0, 1, 6, 8, 3, 1, 8, 0, 0, 9, 2, 1, 7, 6, 9])
845
7744
here
tensor([6, 0, 9, 8, 7, 8, 9, 7, 8, 6, 9, 2, 4, 4, 8, 5, 9, 7, 7, 1, 3, 3, 8, 2,
        1, 7, 3, 5, 5, 9, 2, 9, 8, 7, 5, 9, 4, 6, 2, 4, 8, 6, 6, 3, 2, 6, 8, 1,
        1, 6, 8, 6, 4, 9, 2, 6, 3, 4, 7, 7, 1, 9, 6, 3], device='cuda:0')
tensor([1, 0, 2, 8, 4, 0, 6, 5, 8, 5, 8, 2, 4, 2, 0, 0, 6, 8, 5, 2, 1, 2, 0, 0,
        8, 4, 9, 1, 9, 7, 7, 0, 4, 4, 7, 3, 0, 9, 6, 3, 9, 2, 3, 3, 6, 3, 8, 5,
        1, 2, 6, 3, 0, 4, 4, 2, 2, 3, 6, 5, 0, 1, 9, 6])
853
7808
here
tensor([0, 4, 9, 8, 2, 9, 3, 3, 8, 7, 3, 0, 2, 4, 1, 0, 3, 6, 3, 1, 1, 5, 5, 6,
        8, 7, 6, 4, 0, 2, 7, 4, 0, 7, 5, 2, 4, 7, 1, 7, 1, 3, 3, 2, 8, 3, 2, 6,
        8, 6, 5, 1, 1, 5, 3, 3, 8, 4, 6, 6, 9, 8, 2, 9], device='cuda:0')
tensor([8, 1, 8, 5, 8, 0, 6, 8, 4, 6, 4, 5, 7, 1, 0, 7, 3, 6, 0, 8, 2, 7, 2, 7,
        6, 0, 9, 4, 5, 3, 2, 8, 9, 6, 5, 3, 5, 0, 6, 6, 7, 5, 2, 9, 1, 7, 4, 0,
        5, 0, 8, 5, 3, 6, 0, 5, 4, 2, 1, 6, 1, 0, 7, 7])
858
7872
here
tensor([6, 5, 0, 0, 2, 0, 1, 3, 3, 8, 4, 3, 9, 4, 8, 4, 9, 5, 9, 5, 8, 4, 3, 6,
        6, 8, 9, 8, 6, 6, 9, 7, 9, 9, 7, 2, 5, 3, 8, 2, 6, 8, 2, 1, 7, 1, 2, 1,
        9, 5, 2, 9, 3, 0, 6, 0, 2, 6, 8, 0, 5, 0, 7, 4], device='cuda:0')
tensor([2, 3, 7, 0, 1, 9, 1, 6, 0, 4, 9, 1, 9, 7, 9, 9, 8, 0, 7, 6, 0, 4, 1, 7,
        9, 6, 3, 9, 0, 9, 0, 3, 4, 9, 6, 4, 2, 4, 4, 4, 7, 2, 9, 2, 1, 0, 7, 9,
        3, 7, 8, 0, 1, 9, 0, 3, 7, 3, 8, 2, 6, 4, 7, 1])
865
7936
here
tensor([9, 5, 1, 4, 6, 7, 8, 4, 1, 8, 9, 3, 0, 5, 1, 9, 5, 0, 8, 6, 6, 4, 6, 5,
        8, 9, 3, 7, 0, 4, 0, 4, 9, 9, 8, 7, 4, 0, 5, 6, 6, 3, 3, 4, 3, 6, 7, 5,
        4, 1, 6, 1, 6, 3, 0, 3, 2, 2, 4, 2, 6, 5, 0, 2], device='cuda:0')
tensor([5, 7, 8, 0, 0, 9, 6, 2, 0, 9, 1, 5, 3, 5, 4, 9, 7, 6, 6, 5, 2, 2, 3, 0,
        5, 5, 8, 7, 5, 9, 4, 3, 1, 3, 7, 1, 4, 0, 8, 9, 4, 0, 9, 7, 7, 5, 1, 7,
        3, 5, 4, 8, 1, 5, 6, 1, 7, 4, 4, 1, 1, 3, 5, 8])
871
8000
here
tensor([5, 1, 5, 3, 1, 8, 6, 0, 5, 5, 7, 3, 4, 4, 0, 7, 1, 8, 8, 7, 5, 2, 7, 3,
        3, 2, 1, 0, 2, 7, 6, 1, 6, 2, 8, 2, 5, 0, 7, 6, 7, 8, 0, 9, 8, 0, 0, 8,
        9, 3, 9, 6, 2, 6, 3, 1, 6, 1, 1, 4, 4, 3, 1, 2], device='cuda:0')
tensor([7, 1, 7, 4, 6, 8, 0, 1, 0, 0, 1, 9, 1, 6, 9, 3, 3, 4, 2, 4, 7, 6, 8, 1,
        8, 5, 9, 7, 9, 4, 9, 5, 9, 1, 0, 6, 0, 4, 5, 0, 1, 4, 3, 7, 6, 7, 7, 7,
        4, 7, 8, 9, 8, 0, 6, 3, 2, 4, 6, 0, 7, 9, 6, 3])
873
8064
here
tensor([0, 5, 9, 4, 3, 3, 9, 6, 3, 6, 2, 9, 1, 5, 6, 9, 2, 7, 0, 7, 0, 2, 5, 6,
        4, 8, 0, 2, 5, 0, 0, 8, 5, 8, 1, 2, 7, 0, 8, 0, 7, 9, 2, 8, 2, 3, 1, 3,
        8, 4, 9, 2, 5, 3, 6, 8, 6, 5, 2, 9, 8, 6, 0, 6], device='cuda:0')
tensor([0, 8, 9, 7, 2, 8, 0, 6, 9, 7, 5, 0, 4, 5, 3, 6, 0, 2, 5, 6, 0, 4, 0, 7,
        8, 5, 3, 6, 0, 1, 9, 4, 4, 7, 8, 5, 2, 2, 7, 8, 4, 0, 7, 8, 5, 4, 1, 6,
        2, 8, 5, 2, 4, 0, 3, 0, 7, 2, 2, 4, 6, 7, 2, 2])
882
8128
here
tensor([2, 2, 9, 1, 3, 8, 7, 9, 9, 3, 0, 9, 6, 8, 8, 2, 2, 5, 3, 4, 3, 2, 8, 1,
        2, 9, 3, 3, 9, 8, 8, 4, 1, 5, 5, 0, 8, 1, 5, 3, 1, 9, 7, 9, 3, 6, 6, 0,
        7, 9, 7, 7, 6, 4, 5, 4, 7, 5, 1, 0, 5, 9, 1, 1], device='cuda:0')
tensor([7, 8, 4, 0, 7, 9, 2, 4, 7, 6, 1, 0, 2, 7, 9, 9, 2, 1, 1, 9, 4, 2, 5, 0,
        9, 4, 2, 7, 2, 0, 9, 9, 6, 7, 0, 3, 2, 4, 4, 9, 3, 5, 3, 0, 0, 7, 0, 5,
        2, 2, 5, 7, 6, 0, 2, 9, 1, 8, 7, 6, 8, 3, 6, 7])
886
8192
here
tensor([9, 1, 7, 5, 0, 4, 9, 1, 3, 0, 8, 7, 3, 4, 4, 2, 0, 3, 8, 5, 0, 0, 5, 7,
        8, 2, 7, 6, 5, 5, 2, 7, 9, 9, 4, 2, 1, 4, 1, 7, 2, 1, 0, 4, 4, 3, 2, 4,
        0, 7, 9, 7, 1, 8, 8, 3, 6, 0, 3, 8, 8, 6, 5, 2], device='cuda:0')
tensor([4, 6, 1, 3, 8, 7, 5, 1, 2, 6, 2, 6, 3, 2, 2, 3, 5, 1, 8, 4, 4, 7, 0, 7,
        7, 0, 1, 0, 3, 3, 0, 2, 2, 7, 8, 9, 5, 8, 9, 6, 9, 4, 4, 9, 5, 0, 5, 1,
        7, 4, 0, 2, 2, 0, 4, 5, 6, 2, 2, 0, 8, 4, 8, 5])
892
8256
here
tensor([9, 9, 4, 4, 5, 9, 8, 3, 5, 8, 7, 7, 7, 7, 4, 1, 7, 9, 9, 9, 2, 5, 6, 8,
        2, 4, 4, 1, 6, 1, 0, 4, 3, 4, 6, 4, 6, 6, 5, 5, 0, 1, 6, 2, 7, 3, 9, 8,
        8, 1, 0, 3, 1, 3, 6, 7, 4, 5, 4, 3, 0, 0, 4, 2], device='cuda:0')
tensor([9, 0, 0, 2, 6, 0, 5, 9, 3, 3, 8, 3, 8, 5, 2, 3, 6, 8, 9, 6, 9, 8, 0, 1,
        5, 3, 4, 7, 1, 4, 2, 8, 4, 8, 0, 9, 3, 9, 5, 5, 6, 8, 6, 5, 1, 9, 2, 0,
        7, 2, 7, 8, 1, 5, 4, 5, 0, 2, 8, 5, 5, 7, 0, 7])
899
8320
here
tensor([0, 6, 1, 5, 3, 8, 8, 8, 9, 6, 8, 3, 0, 7, 2, 1, 3, 6, 6, 7, 0, 7, 8, 0,
        1, 2, 5, 3, 7, 1, 3, 0, 2, 8, 4, 3, 5, 0, 2, 8, 5, 7, 4, 8, 4, 9, 3, 5,
        0, 7, 4, 1, 1, 9, 9, 6, 6, 5, 1, 7, 7, 6, 9, 6], device='cuda:0')
tensor([0, 0, 3, 1, 8, 5, 6, 9, 8, 3, 7, 6, 2, 1, 6, 9, 6, 0, 3, 5, 3, 1, 4, 5,
        6, 1, 5, 7, 4, 8, 5, 2, 6, 6, 6, 5, 5, 7, 5, 3, 1, 4, 2, 9, 0, 9, 1, 6,
        8, 7, 7, 8, 2, 6, 5, 1, 3, 0, 4, 0, 5, 6, 8, 0])
905
8384
here
tensor([6, 1, 5, 8, 4, 0, 6, 4, 0, 3, 4, 1, 2, 5, 7, 1, 3, 3, 4, 9, 8, 7, 8, 0,
        1, 8, 6, 2, 9, 7, 4, 1, 2, 0, 9, 1, 1, 4, 4, 5, 1, 5, 6, 8, 0, 3, 2, 2,
        8, 2, 6, 8, 7, 2, 2, 2, 4, 0, 6, 2, 0, 8, 3, 2], device='cuda:0')
tensor([5, 5, 2, 3, 0, 2, 7, 2, 3, 9, 0, 0, 9, 5, 4, 4, 0, 5, 9, 4, 9, 8, 3, 5,
        1, 1, 0, 4, 8, 3, 9, 0, 2, 6, 7, 0, 1, 4, 4, 0, 1, 2, 9, 0, 2, 0, 9, 5,
        9, 0, 2, 5, 7, 4, 5, 2, 4, 3, 4, 6, 7, 2, 7, 8])
915
8448
here
tensor([5, 8, 5, 3, 6, 4, 1, 8, 8, 8, 3, 2, 9, 7, 6, 3, 8, 2, 9, 1, 1, 9, 7, 8,
        8, 6, 6, 7, 8, 0, 2, 7, 0, 6, 5, 2, 2, 6, 9, 8, 7, 8, 6, 1, 3, 9, 9, 7,
        9, 0, 6, 0, 1, 5, 1, 1, 8, 1, 8, 6, 1, 1, 5, 1], device='cuda:0')
tensor([8, 0, 4, 6, 8, 7, 5, 3, 2, 0, 9, 8, 7, 3, 5, 3, 9, 5, 5, 5, 7, 1, 6, 1,
        2, 6, 7, 3, 2, 8, 3, 5, 2, 7, 4, 4, 0, 9, 2, 9, 9, 7, 1, 4, 3, 0, 0, 5,
        2, 5, 8, 3, 0, 5, 0, 1, 8, 0, 5, 6, 0, 5, 1, 1])
923
8512
here
tensor([5, 7, 3, 4, 9, 2, 1, 5, 1, 7, 7, 7, 3, 8, 9, 4, 9, 4, 0, 8, 8, 8, 3, 0,
        0, 4, 1, 1, 7, 6, 5, 8, 2, 3, 7, 9, 9, 1, 8, 1, 7, 2, 7, 7, 9, 9, 3, 0,
        7, 5, 8, 3, 3, 0, 6, 9, 2, 3, 9, 6, 2, 9, 3, 1], device='cuda:0')
tensor([0, 0, 4, 0, 7, 3, 0, 7, 4, 1, 3, 9, 7, 7, 3, 4, 0, 4, 8, 3, 1, 7, 2, 2,
        3, 2, 7, 8, 8, 7, 5, 2, 0, 2, 2, 3, 3, 1, 6, 7, 2, 6, 6, 9, 9, 5, 0, 8,
        2, 0, 0, 6, 6, 5, 3, 9, 5, 0, 8, 4, 3, 1, 1, 9])
929
8576
here
tensor([0, 7, 5, 2, 6, 3, 5, 5, 1, 9, 3, 4, 2, 1, 7, 1, 5, 5, 7, 0, 0, 1, 9, 1,
        1, 7, 9, 5, 0, 9, 7, 2, 4, 4, 3, 6, 8, 6, 9, 5, 1, 5, 8, 6, 5, 1, 5, 4,
        2, 6, 7, 4, 3, 1, 5, 6, 2, 6, 6, 3, 0, 3, 3, 2], device='cuda:0')
tensor([0, 9, 0, 4, 0, 0, 0, 2, 7, 0, 4, 7, 0, 9, 7, 8, 5, 0, 4, 7, 4, 9, 7, 1,
        3, 1, 1, 2, 9, 3, 0, 8, 7, 7, 0, 4, 9, 4, 8, 4, 1, 1, 7, 2, 9, 9, 2, 8,
        1, 8, 2, 4, 1, 2, 8, 4, 1, 2, 9, 8, 2, 4, 9, 1])
935
8640
here
tensor([8, 9, 7, 5, 7, 1, 3, 6, 6, 2, 9, 4, 5, 3, 7, 3, 2, 5, 6, 8, 4, 4, 2, 1,
        8, 7, 7, 0, 7, 7, 6, 1, 9, 2, 6, 7, 2, 3, 1, 0, 3, 9, 4, 0, 5, 3, 1, 2,
        5, 9, 1, 9, 2, 2, 8, 3, 2, 4, 8, 0, 5, 9, 9, 7], device='cuda:0')
tensor([3, 9, 7, 0, 3, 9, 9, 3, 7, 5, 5, 3, 5, 7, 5, 2, 4, 3, 1, 5, 4, 2, 2, 4,
        7, 8, 8, 6, 5, 2, 4, 2, 3, 5, 9, 7, 0, 6, 0, 6, 5, 4, 8, 4, 1, 2, 0, 4,
        3, 5, 8, 2, 8, 1, 0, 0, 6, 1, 6, 8, 6, 7, 5, 1])
941
8704
here
tensor([1, 8, 1, 7, 3, 8, 5, 1, 2, 6, 6, 3, 3, 1, 5, 6, 4, 3, 7, 8, 9, 0, 5, 1,
        6, 8, 1, 8, 7, 2, 8, 5, 9, 1, 7, 7, 4, 6, 9, 1, 1, 1, 3, 1, 7, 1, 6, 7,
        0, 5, 6, 3, 9, 6, 3, 9, 2, 0, 1, 3, 1, 8, 5, 1], device='cuda:0')
tensor([5, 1, 5, 1, 5, 7, 6, 7, 9, 0, 3, 0, 7, 7, 5, 7, 3, 7, 2, 8, 3, 4, 3, 5,
        1, 1, 5, 3, 5, 3, 3, 2, 0, 1, 2, 1, 9, 1, 5, 9, 8, 7, 0, 4, 6, 1, 9, 9,
        3, 2, 6, 7, 5, 1, 2, 1, 0, 3, 9, 6, 9, 7, 8, 9])
946
8768
here
tensor([9, 3, 5, 3, 7, 5, 1, 3, 2, 3, 0, 8, 6, 3, 9, 1, 0, 3, 2, 1, 1, 2, 5, 1,
        3, 0, 1, 1, 0, 3, 3, 0, 9, 1, 6, 4, 5, 8, 7, 0, 6, 3, 4, 5, 1, 8, 7, 8,
        8, 2, 2, 7, 3, 8, 7, 2, 5, 6, 7, 1, 2, 0, 5, 7], device='cuda:0')
tensor([9, 0, 8, 9, 9, 4, 4, 0, 4, 0, 0, 2, 1, 6, 9, 0, 4, 7, 4, 4, 1, 6, 6, 3,
        7, 4, 4, 8, 2, 1, 7, 6, 3, 0, 4, 3, 1, 0, 6, 1, 8, 4, 4, 9, 5, 8, 5, 0,
        6, 4, 2, 3, 8, 7, 9, 9, 6, 6, 6, 6, 2, 0, 4, 0])
956
8832
here
tensor([3, 6, 2, 0, 9, 8, 7, 4, 2, 2, 0, 9, 2, 2, 8, 6, 3, 0, 4, 7, 0, 9, 0, 1,
        7, 9, 0, 3, 5, 1, 9, 2, 2, 3, 8, 0, 4, 7, 7, 3, 4, 4, 9, 2, 6, 6, 5, 7,
        8, 9, 8, 8, 8, 0, 4, 5, 8, 4, 2, 6, 9, 2, 6, 1], device='cuda:0')
tensor([5, 0, 2, 5, 3, 3, 8, 5, 7, 8, 6, 2, 4, 6, 6, 4, 7, 1, 6, 2, 0, 0, 6, 1,
        4, 4, 5, 5, 3, 7, 2, 3, 0, 8, 4, 6, 1, 1, 6, 6, 0, 6, 9, 8, 3, 6, 7, 0,
        6, 5, 0, 7, 8, 3, 6, 1, 3, 5, 0, 9, 6, 8, 8, 9])
962
8896
here
tensor([7, 2, 4, 9, 6, 2, 9, 3, 4, 7, 1, 1, 8, 6, 2, 8, 2, 9, 1, 0, 3, 2, 0, 4,
        6, 2, 0, 4, 6, 6, 9, 4, 7, 8, 4, 3, 2, 6, 3, 8, 6, 7, 4, 1, 0, 9, 2, 7,
        3, 8, 9, 0, 4, 4, 0, 4, 3, 0, 1, 5, 0, 1, 5, 6], device='cuda:0')
tensor([7, 9, 0, 8, 6, 7, 7, 4, 2, 8, 7, 5, 5, 3, 4, 0, 5, 4, 3, 2, 5, 3, 7, 2,
        8, 4, 5, 1, 4, 3, 9, 1, 7, 1, 3, 7, 8, 2, 5, 7, 8, 1, 4, 9, 7, 0, 5, 3,
        6, 4, 0, 9, 3, 8, 5, 6, 3, 2, 7, 4, 0, 0, 0, 4])
969
8960
here
tensor([7, 2, 0, 9, 7, 7, 9, 6, 4, 6, 6, 7, 1, 1, 2, 7, 9, 2, 6, 8, 6, 9, 5, 0,
        2, 3, 6, 0, 5, 5, 3, 2, 9, 4, 6, 6, 4, 1, 9, 1, 0, 4, 2, 8, 3, 8, 9, 6,
        1, 9, 6, 6, 0, 0, 9, 0, 1, 9, 6, 3, 4, 8, 8, 2], device='cuda:0')
tensor([2, 4, 4, 6, 0, 5, 4, 6, 5, 6, 1, 8, 0, 5, 2, 2, 1, 0, 5, 1, 9, 0, 4, 9,
        3, 0, 5, 8, 9, 8, 6, 5, 1, 7, 2, 0, 0, 0, 5, 3, 0, 8, 5, 1, 3, 7, 3, 0,
        0, 2, 0, 4, 6, 9, 9, 2, 4, 3, 9, 5, 8, 4, 2, 8])
975
9024
here
tensor([0, 0, 8, 0, 0, 2, 6, 8, 0, 4, 6, 2, 7, 0, 7, 0, 5, 0, 7, 3, 1, 0, 4, 8,
        0, 5, 8, 6, 7, 8, 9, 1, 3, 7, 9, 3, 4, 2, 1, 5, 0, 3, 0, 7, 0, 9, 1, 7,
        5, 9, 9, 9, 7, 0, 6, 6, 9, 8, 1, 7, 3, 1, 3, 4], device='cuda:0')
tensor([4, 5, 4, 0, 2, 7, 6, 6, 4, 5, 8, 4, 5, 9, 8, 5, 5, 5, 3, 1, 8, 1, 7, 3,
        0, 4, 7, 9, 6, 3, 3, 9, 3, 6, 5, 9, 1, 0, 9, 5, 6, 1, 1, 9, 0, 1, 0, 6,
        1, 6, 2, 5, 9, 8, 1, 6, 9, 3, 4, 8, 6, 0, 7, 7])
984
9088
here
tensor([3, 1, 0, 2, 5, 9, 0, 7, 6, 6, 0, 7, 8, 7, 7, 7, 0, 2, 0, 8, 6, 2, 2, 3,
        7, 6, 6, 2, 1, 5, 1, 8, 8, 4, 0, 2, 0, 3, 9, 3, 0, 2, 8, 1, 6, 9, 6, 3,
        9, 6, 8, 4, 6, 9, 5, 0, 9, 7, 7, 2, 7, 6, 4, 2], device='cuda:0')
tensor([2, 0, 1, 6, 0, 5, 5, 8, 7, 2, 9, 1, 5, 5, 4, 8, 3, 2, 0, 9, 0, 6, 9, 0,
        1, 4, 7, 9, 4, 1, 7, 3, 0, 8, 0, 0, 2, 4, 4, 1, 9, 0, 3, 6, 5, 9, 3, 0,
        5, 9, 5, 4, 9, 3, 6, 4, 2, 1, 1, 1, 1, 4, 1, 5])
989
9152
here
tensor([0, 0, 2, 6, 2, 3, 0, 7, 3, 3, 2, 4, 1, 3, 6, 5, 5, 8, 1, 8, 7, 4, 7, 0,
        1, 3, 3, 6, 5, 3, 1, 7, 1, 3, 0, 3, 1, 5, 4, 7, 6, 2, 5, 6, 7, 2, 1, 5,
        2, 0, 3, 2, 0, 4, 0, 4, 4, 7, 5, 0, 1, 0, 6, 1], device='cuda:0')
tensor([6, 8, 3, 2, 9, 2, 7, 6, 2, 4, 0, 0, 4, 2, 9, 4, 5, 9, 4, 7, 0, 8, 7, 2,
        7, 4, 0, 8, 6, 0, 9, 2, 5, 5, 8, 7, 3, 8, 7, 3, 5, 1, 4, 9, 6, 5, 1, 8,
        9, 2, 1, 3, 9, 0, 1, 4, 6, 8, 8, 4, 6, 7, 2, 6])
993
9216
here
tensor([2, 2, 6, 9, 9, 4, 7, 3, 4, 1, 5, 8, 2, 2, 5, 8, 1, 1, 7, 4, 5, 8, 2, 0,
        8, 2, 8, 9, 3, 8, 4, 9, 6, 4, 5, 9, 8, 3, 5, 4, 6, 2, 7, 6, 3, 7, 5, 3,
        0, 4, 7, 2, 2, 4, 3, 2, 3, 9, 1, 6, 4, 8, 7, 3], device='cuda:0')
tensor([7, 5, 3, 0, 8, 3, 8, 8, 0, 3, 9, 2, 2, 3, 0, 2, 0, 7, 1, 4, 9, 1, 3, 6,
        5, 5, 1, 6, 8, 8, 5, 6, 1, 2, 1, 8, 7, 6, 4, 2, 1, 6, 7, 5, 3, 4, 2, 3,
        5, 3, 5, 0, 7, 8, 8, 3, 0, 3, 0, 5, 3, 1, 7, 4])
1000
9280
here
tensor([7, 6, 7, 7, 4, 5, 6, 3, 5, 8, 7, 8, 1, 5, 0, 1, 3, 1, 5, 9, 8, 4, 2, 6,
        8, 6, 7, 9, 8, 3, 0, 7, 4, 1, 0, 6, 0, 6, 7, 5, 5, 3, 5, 0, 6, 2, 4, 6,
        1, 2, 9, 4, 7, 3, 9, 6, 2, 0, 9, 1, 5, 8, 8, 2], device='cuda:0')
tensor([0, 1, 6, 0, 3, 7, 6, 9, 1, 1, 0, 2, 3, 5, 9, 8, 7, 1, 7, 9, 5, 9, 1, 2,
        5, 9, 1, 9, 7, 4, 2, 9, 7, 6, 6, 9, 0, 3, 5, 0, 7, 7, 8, 9, 8, 1, 6, 9,
        4, 2, 0, 4, 3, 8, 0, 5, 6, 1, 8, 1, 9, 2, 6, 0])
1009
9344
here
tensor([7, 7, 9, 0, 2, 0, 4, 8, 6, 8, 8, 2, 0, 9, 9, 0, 4, 8, 4, 7, 1, 4, 9, 5,
        7, 9, 3, 3, 6, 2, 0, 6, 3, 4, 1, 2, 3, 6, 5, 9, 4, 0, 5, 3, 2, 3, 5, 5,
        0, 8, 9, 9, 1, 4, 0, 1, 0, 6, 2, 8, 5, 9, 8, 8], device='cuda:0')
tensor([5, 1, 6, 0, 1, 9, 0, 9, 2, 8, 3, 9, 5, 2, 4, 6, 8, 4, 6, 6, 8, 2, 4, 5,
        6, 2, 4, 5, 4, 1, 9, 4, 0, 2, 7, 0, 6, 4, 8, 8, 6, 6, 7, 7, 2, 0, 0, 2,
        5, 0, 0, 9, 7, 8, 6, 3, 8, 1, 8, 9, 0, 5, 6, 1])
1014
9408
here
tensor([2, 8, 1, 8, 4, 4, 8, 8, 7, 4, 2, 5, 1, 9, 9, 7, 1, 3, 4, 3, 6, 5, 2, 4,
        6, 2, 5, 5, 9, 4, 8, 3, 2, 8, 3, 5, 6, 2, 6, 0, 7, 6, 7, 6, 7, 9, 5, 1,
        4, 3, 1, 9, 4, 1, 6, 8, 1, 5, 5, 3, 2, 4, 0, 6], device='cuda:0')
tensor([0, 1, 3, 9, 5, 5, 6, 6, 3, 7, 0, 1, 0, 8, 6, 5, 0, 7, 2, 6, 9, 6, 3, 5,
        9, 6, 5, 6, 7, 7, 8, 9, 3, 0, 7, 4, 3, 7, 4, 3, 2, 5, 1, 8, 4, 6, 6, 4,
        8, 4, 9, 3, 8, 7, 5, 0, 3, 4, 8, 0, 4, 3, 2, 2])
1016
9472
here
tensor([4, 5, 0, 4, 7, 7, 4, 7, 4, 1, 7, 4, 8, 7, 7, 6, 5, 7, 5, 7, 5, 2, 3, 4,
        4, 8, 4, 0, 0, 8, 4, 5, 6, 9, 2, 8, 1, 6, 9, 3, 3, 0, 7, 2, 1, 0, 0, 0,
        7, 3, 8, 7, 8, 9, 9, 5, 6, 0, 5, 5, 5, 3, 6, 8], device='cuda:0')
tensor([0, 8, 5, 4, 7, 7, 8, 3, 9, 3, 8, 6, 7, 0, 4, 6, 5, 4, 7, 5, 9, 0, 6, 0,
        1, 6, 3, 0, 6, 9, 4, 8, 1, 9, 2, 9, 0, 8, 9, 9, 0, 4, 1, 7, 0, 8, 7, 0,
        3, 6, 8, 3, 1, 9, 3, 8, 4, 0, 0, 6, 9, 2, 0, 0])
1030
9536
here
tensor([9, 4, 4, 3, 1, 3, 0, 6, 0, 6, 6, 0, 2, 8, 7, 0, 3, 1, 7, 7, 5, 8, 3, 1,
        2, 3, 3, 1, 4, 3, 2, 6, 7, 6, 7, 0, 9, 9, 4, 7, 9, 1, 2, 0, 5, 8, 1, 4,
        3, 5, 8, 2, 7, 3, 2, 6, 2, 4, 0, 4, 9, 5, 0, 6], device='cuda:0')
tensor([8, 5, 3, 5, 0, 7, 8, 8, 1, 1, 5, 0, 1, 0, 0, 8, 4, 9, 4, 5, 8, 8, 2, 9,
        7, 5, 8, 4, 4, 4, 8, 0, 3, 6, 5, 3, 4, 5, 7, 1, 2, 7, 3, 7, 7, 3, 4, 8,
        0, 9, 5, 0, 5, 3, 7, 5, 2, 0, 2, 3, 1, 6, 2, 6])
1037
9600
here
tensor([0, 2, 5, 1, 9, 6, 2, 4, 1, 4, 6, 3, 7, 5, 6, 5, 9, 0, 8, 8, 9, 0, 6, 0,
        5, 6, 3, 5, 5, 2, 1, 8, 6, 6, 4, 8, 2, 2, 7, 5, 9, 3, 9, 6, 8, 6, 9, 0,
        2, 8, 2, 3, 3, 3, 5, 9, 3, 0, 4, 5, 0, 6, 3, 4], device='cuda:0')
tensor([0, 0, 9, 1, 9, 3, 7, 3, 2, 4, 6, 0, 9, 5, 5, 7, 5, 2, 2, 7, 7, 6, 0, 5,
        8, 4, 3, 8, 1, 0, 1, 7, 2, 3, 5, 8, 4, 6, 9, 0, 9, 7, 9, 4, 6, 7, 3, 5,
        6, 9, 6, 6, 6, 3, 7, 7, 1, 2, 0, 2, 6, 8, 2, 1])
1049
9664
here
tensor([4, 3, 8, 1, 5, 0, 1, 8, 7, 3, 0, 2, 1, 0, 8, 4, 2, 4, 4, 6, 6, 2, 8, 5,
        3, 4, 7, 7, 7, 2, 3, 0, 7, 2, 2, 8, 1, 9, 9, 8, 4, 0, 8, 7, 0, 2, 5, 3,
        2, 2, 8, 2, 8, 9, 4, 6, 5, 4, 6, 8, 4, 2, 0, 4], device='cuda:0')
tensor([5, 0, 0, 1, 1, 2, 7, 0, 0, 2, 0, 7, 9, 8, 3, 1, 8, 0, 2, 8, 1, 9, 2, 9,
        0, 0, 3, 1, 0, 5, 5, 7, 4, 2, 9, 0, 8, 1, 0, 3, 2, 1, 0, 3, 5, 2, 0, 4,
        0, 1, 0, 4, 6, 4, 7, 6, 2, 1, 5, 0, 9, 2, 9, 3])
1055
9728
here
tensor([4, 9, 2, 9, 1, 2, 7, 1, 3, 9, 3, 3, 7, 3, 0, 5, 0, 3, 2, 7, 0, 7, 1, 9,
        7, 5, 0, 6, 3, 3, 7, 6, 1, 4, 2, 3, 4, 1, 0, 3, 2, 7, 6, 1, 0, 2, 3, 1,
        5, 1, 5, 1, 1, 2, 6, 8, 0, 4, 2, 3, 9, 7, 0, 9], device='cuda:0')
tensor([1, 0, 0, 6, 4, 5, 5, 1, 6, 7, 7, 6, 5, 0, 2, 7, 8, 3, 1, 2, 7, 8, 6, 1,
        2, 1, 7, 1, 6, 0, 1, 4, 8, 5, 9, 4, 0, 3, 8, 2, 9, 5, 6, 8, 1, 5, 7, 8,
        9, 2, 5, 5, 8, 2, 5, 5, 7, 3, 3, 3, 9, 3, 6, 9])
1063
9792
here
tensor([3, 5, 1, 3, 7, 1, 9, 9, 4, 9, 7, 9, 2, 9, 1, 4, 9, 6, 5, 3, 8, 3, 2, 9,
        0, 0, 7, 0, 0, 3, 4, 3, 7, 0, 8, 0, 7, 0, 3, 4, 0, 3, 6, 0, 4, 6, 8, 4,
        3, 6, 7, 1, 3, 6, 7, 1, 5, 4, 1, 7, 2, 0, 3, 3], device='cuda:0')
tensor([2, 4, 5, 7, 3, 3, 9, 3, 0, 1, 9, 9, 2, 1, 9, 7, 5, 8, 2, 8, 4, 3, 8, 3,
        4, 5, 4, 5, 7, 7, 3, 5, 3, 8, 2, 1, 8, 6, 2, 1, 1, 4, 8, 3, 5, 8, 6, 9,
        7, 8, 7, 4, 3, 6, 5, 2, 3, 6, 5, 2, 3, 2, 4, 1])
1070
9856
here
tensor([2, 0, 1, 5, 9, 2, 3, 9, 2, 1, 0, 3, 9, 4, 5, 2, 4, 0, 4, 2, 8, 9, 5, 7,
        2, 3, 5, 4, 4, 9, 9, 2, 5, 3, 4, 2, 2, 2, 4, 6, 9, 6, 5, 2, 6, 6, 9, 7,
        0, 0, 3, 5, 6, 7, 6, 6, 0, 9, 9, 7, 7, 0, 7, 4], device='cuda:0')
tensor([1, 7, 4, 2, 8, 3, 1, 6, 5, 4, 0, 3, 1, 1, 3, 2, 2, 0, 7, 8, 6, 4, 4, 4,
        7, 9, 9, 2, 3, 0, 8, 8, 6, 8, 6, 2, 2, 1, 7, 2, 0, 5, 5, 6, 1, 4, 6, 1,
        3, 5, 8, 6, 1, 2, 2, 2, 0, 0, 3, 7, 5, 6, 5, 4])
1080
9920
here
tensor([9, 4, 3, 8, 2, 7, 3, 8, 9, 9, 0, 2, 0, 5, 3, 3, 9, 4, 2, 2, 0, 9, 7, 6,
        7, 1, 7, 8, 8, 6, 1, 0, 7, 8, 2, 0, 0, 5, 8, 0, 5, 7, 9, 8, 6, 8, 1, 9,
        2, 7, 1, 1, 5, 5, 2, 3, 7, 1, 6, 2, 1, 7, 2, 1], device='cuda:0')
tensor([5, 2, 7, 9, 8, 3, 9, 2, 5, 8, 6, 4, 7, 7, 4, 5, 5, 6, 3, 4, 7, 8, 9, 2,
        7, 7, 2, 3, 8, 2, 5, 4, 2, 5, 0, 7, 0, 2, 5, 7, 2, 3, 8, 4, 6, 3, 4, 0,
        5, 6, 9, 9, 0, 9, 0, 7, 9, 6, 4, 7, 1, 0, 2, 6])
1086
9984
here
tensor([2, 1, 1, 0, 3, 5, 8, 0, 4, 5, 4, 5, 1, 9, 2, 6], device='cuda:0')
tensor([3, 7, 8, 4, 8, 2, 3, 2, 0, 6, 0, 1, 8, 1, 6, 6])
1087
10000
0.1087
