epoch,time_elapsed,loss,train_accuracy,test_accuracy
0,12.5810302734375,6.0394651011737714,0.3401015102863312,0.4062
1,24.51755078125,4.7156552030607255,0.43259668350219727,0.50614
0,36.612353515625,1.9695823851143917,0.47079604864120483,0.56198
1,49.3386708984375,1.4895632727371761,0.5654171705245972,0.55756
0,61.3704951171875,2.3260576642687667,0.5368366241455078,0.62768
1,73.3295224609375,1.6420238705547265,0.6324328780174255,0.66456
0,86.184486328125,1.2101989178096546,0.6276374459266663,0.70064
1,98.91846875,0.9008972442058651,0.7082360982894897,0.74368
0,111.1902763671875,1.070895347753754,0.6809142827987671,0.7124
1,123.7590341796875,0.8061972052392448,0.7559183239936829,0.81276
0,136.433958984375,0.7666500363203571,0.7492327690124512,0.829
1,149.2953759765625,0.5359840354193812,0.8187659978866577,0.86248
0,162.344712890625,0.4906494830118116,0.8328883647918701,0.87984
1,175.641041015625,0.37725847178255506,0.8713634610176086,0.89764
0,189.2198134765625,0.37374361213820667,0.8722466230392456,0.90258
1,202.507837890625,0.32493912441956113,0.8894261717796326,0.9072
0,215.31842578125,0.29633336085492695,0.8986612558364868,0.91226
1,228.3218466796875,0.3012911644776154,0.8988810777664185,0.90648